Open	High	Low	Close	(Close-Mov(Close,10))*10	Open*2	RWIBB+	RWIBB-	RWIAvg	RWIHigh	DevStop1a	DevStop1b	DevStop1c	DevStop1d	LocHPeakA	LocLPeakA	LocHPeakB	LocLPeakB	LocLPeakC	HIGHA	LOWA	HIGHB	LOWB	LocHPeakC	RWIAvg	POup/dn	POup/dn	GlobHPeak	GlobLPeak
1,1746	1,1885	1,174	1,1831	-0,03	2,3492	0,39	-0,19	-0,21	0,48	1,1752	1,1743	1,1661	1,1834	0	0	0	0	0	0	0	1,1885	1,174	0	-0,01	-1	-0,47	0	0
1,1835	1,1836	1,1745	1,1764	-0,03	2,367	0,4	-0,19	-0,17	0,4	1,1752	1,1878	1,1663	1,1832	0,4786	0	0	0	0	0	0	1,1836	1,1745	0	0,16	0	0	0	0
1,1761	1,1769	1,1553	1,1631	-0,03	2,3522	0,4	-0,2	-0,14	-0,19	1,1743	1,1695	1,1639	1,1799	0	0	0	0	0	0	0	1,1769	1,1553	0	0,16	1	0,46	0	0
1,1631	1,1735	1,1612	1,1712	-0,03	2,3262	0,4	-0,2	-0,09	-0,1	1,1592	1,1696	1,1489	1,1799	0	0	0	0	0	0	0	1,1735	1,1612	0	0,01	1	0,44	0	0
1,1713	1,172	1,1532	1,1585	-0,03	2,3426	0,4	-0,22	-0,06	-0,27	1,1586	1,1681	1,1477	1,179	0	0	0	0	0	0	0	1,172	1,1532	0	-0,17	0	0	0	0
1,1568	1,161	1,1487	1,149	-0,03	2,3136	0,4	-0,26	-0,04	-0,54	1,146	1,1637	1,1479	1,1743	0	0	0	0	0	0	0	1,161	1,1487	0	-0,25	-1	-0,38	0	0
1,15	1,158	1,144	1,1569	-0,03	2,3	0,4	-0,3	-0,01	-0,66	1,1458	1,1592	1,1477	1,1698	0	0	0	0	0	0	0	1,158	1,144	0	-0,4	-1	-0,35	0	0
1,1561	1,1789	1,1551	1,1685	-0,03	2,3122	0,4	-0,31	0,03	-0,07	1,1628	1,1601	1,1508	1,1721	0	-0,3603	0	0	-0,3063	0	0	1,1789	1,1551	0	-0,34	-1	-0,3	0	0
1,1686	1,1728	1,1614	1,1685	-0,03	2,3372	0,4	-0,31	0,04	-0,1	1,1628	1,1775	1,1508	1,1721	0	0	0	0	0	0	0	1,1728	1,1614	0	-0,22	-1	-0,27	0	0
1,1689	1,1749	1,1552	1,1555	-0,0306	2,3378	0,4	-0,32	0,05	-0,16	1,1624	1,1717	1,1497	1,1732	0	0	0	0	0	0	0	1,1749	1,1552	0	-0,09	-1	-0,24	0	0
1,1593	1,162	1,1563	1,16	-0,0019	2,3186	0,39	-0,33	0,04	-0,34	1,1456	1,1716	1,1496	1,1733	0	0	0	0	0	0	0	1,162	1,1563	0	-0,15	-1	-0,24	0	0
1,16	1,1642	1,1563	1,1603	0,0163	2,32	0,39	-0,35	0,02	-0,3	1,1479	1,1715	1,1496	1,1733	0	-0,3489	0	0	0	0	0	1,1642	1,1563	0	-0,21	-1	-0,24	0	0
1,1605	1,1615	1,154	1,1565	-0,0054	2,321	0,38	-0,37	0,01	-0,39	1,1479	1,1703	1,1498	1,1731	0	0	0	0	0	0	0	1,1615	1,154	0	-0,26	-1	-0,25	0	0
1,1554	1,1619	1,1548	1,1601	0,009	2,3108	0,37	-0,39	-0,01	-0,32	1,148	1,1702	1,1497	1,1732	0	-0,3871	0	0	-0,251	0	0	1,1619	1,1548	0	-0,26	-1	-0,25	0	0
1,1607	1,1626	1,1559	1,1587	0,0173	2,3214	0,35	-0,4	-0,02	-0,12	1,148	1,1702	1,1499	1,173	0	0	0	0	0	0	0	1,1626	1,1559	0	-0,21	-1	-0,25	0	0
1,1582	1,1609	1,1547	1,1552	-0,0007	2,3164	0,31	-0,41	-0,05	-0,27	1,1482	1,17	1,1499	1,173	0	0	0	0	0	0	0	1,1609	1,1547	0	-0,18	-1	-0,25	0	0
1,1555	1,1591	1,155	1,156	-0,0087	2,311	0,25	-0,42	-0,08	-0,32	1,1482	1,17	1,1496	1,1733	0	0	0	0	0	0	0	1,1591	1,155	0	-0,18	-1	-0,24	0	0
1,1562	1,1565	1,141	1,145	-0,1346	2,3124	0,19	-0,47	-0,14	-0,93	1,1479	1,1573	1,1492	1,1707	0	0	0	0	0	0	0	1,1565	1,141	0	-0,45	-1	-0,23	0	0
1,145	1,147	1,1381	1,1418	-0,1403	2,29	0,16	-0,56	-0,2	-1,21	1,1307	1,1544	1,1173	1,1678	0	0	0	0	0	0	0	1,147	1,1381	0	-0,71	-1	-0,23	0	0
1,1417	1,1433	1,1341	1,1367	-0,1592	2,2834	0,15	-0,65	-0,25	-1,34	1,1311	1,15	1,1179	1,1632	0	0	0	0	0	0	0	1,1433	1,1341	0	-1	-1	-0,26	0	0
1,1387	1,1397	1,1289	1,1309	-0,1838	2,2774	0,14	-0,75	-0,31	-1,46	1,1311	1,1448	1,118	1,1579	0	0	0	0	0	0	0	1,1397	1,1289	0	-1,12	-1	-0,3	0	0
1,1309	1,1367	1,1286	1,1349	-0,1591	2,2618	0,11	-0,84	-0,36	-1,42	1,1208	1,1445	1,118	1,1576	0	-0,8395	0	-1,422	0	0	0	1,1367	1,1286	0	-1,18	-1	-0,34	0	0
1,1353	1,136	1,1295	1,1311	-0,1256	2,2706	0,08	-0,91	-0,42	-1,37	1,121	1,1443	1,118	1,1576	0	0	0	0	0	0	0	1,136	1,1295	0	-1,2	-1	-0,37	0	0
1,1309	1,1347	1,1249	1,1341	-0,1417	2,2618	0,06	-0,99	-0,47	-1,45	1,1209	1,1407	1,1182	1,1537	0	0	0	0	0	0	0	1,1347	1,1249	0	-1,21	-1	-0,39	0	0
1,1343	1,1373	1,1249	1,1266	-0,1107	2,2686	0,03	-1,05	-0,51	-1,37	1,1214	1,1408	1,1183	1,1536	0	-1,0502	0	-1,3689	-0,4148	0	0	1,1373	1,1249	0	-1,21	-1	-0,41	0	-1,2068
1,1262	1,1342	1,1217	1,1321	-0,1097	2,2524	0,02	-1,1	-0,54	-1,38	1,1213	1,1377	1,1183	1,1504	0	0	0	0	0	0	0	1,1342	1,1217	0	-1,22	-1	-0,44	0	0
1,1317	1,1345	1,1281	1,1314	-0,0188	2,2634	0,01	-1,14	-0,57	-1,2	1,1213	1,1377	1,1183	1,1504	0	-1,1409	0	-1,2034	-0,4582	0	0	1,1345	1,1281	0	-1,16	-1	-0,45	0	-1,1584
1,1313	1,136	1,127	1,1325	-0,0158	2,2626	-0,02	-1,18	-0,6	-1,13	1,1212	1,1378	1,1184	1,1503	0	0	0	0	0	0	0	1,136	1,127	0	-1,09	-1	-0,47	0	0
1,1324	1,1335	1,1215	1,1217	-0,0542	2,2648	-0,04	-1,21	-0,63	-1,13	1,1212	1,1376	1,1184	1,1501	0	0	0	0	0	0	0	1,1335	1,1215	0	-1,02	-1	-0,48	0	0
1,1219	1,1308	1,1216	1,1307	-0,0407	2,2438	-0,08	-1,24	-0,66	-1,17	1,1213	1,1375	1,1184	1,1501	0	0	0	0	0	0	0	1,1308	1,1216	0	-1,01	-1	-0,48	0	0
1,1299	1,1304	1,1221	1,1227	-0,0289	2,2598	-0,17	-1,27	-0,72	-1,16	1,1216	1,1372	1,119	1,1495	0	0	0	-1,1566	0	0	0	1,1304	1,1221	0	-1,02	-1	-0,48	0	0
1,1225	1,1238	1,1158	1,1204	-0,0791	2,245	-0,25	-1,29	-0,77	-1,34	1,1217	1,1314	1,119	1,1438	0	0	0	0	0	0	0	1,1238	1,1158	0	-1,08	-1	-0,46	0	0
1,1203	1,1267	1,12	1,1247	-0,0276	2,2406	-0,29	-1,32	-0,81	-1,17	1,1119	1,1306	1,1209	1,1419	0	-1,3196	0	-1,1687	-0,4483	0	0	1,1267	1,12	0	-1,07	-1	-0,45	0	-1,0697
1,1244	1,128	1,1185	1,1197	-0,0362	2,2488	-0,34	-1,33	-0,84	-1,01	1,1133	1,1305	1,121	1,1418	0	0	0	0	0	0	0	1,128	1,1185	0	-1,02	-1	-0,43	0	0
1,1198	1,1211	1,1055	1,1061	-0,1468	2,2396	-0,38	-1,37	-0,88	-1,45	1,1136	1,1199	1,0958	1,1308	0	0	0	0	0	0	0	1,1211	1,1055	0	-1,06	-1	-0,43	0	0
1,1067	1,1067	1,0967	1,1023	-0,2098	2,2134	-0,4	-1,42	-0,91	-1,6	1,0924	1,111	1,096	1,1218	0	0	0	0	0	0	0	1,1067	1,0967	0	-1,17	-1	-0,43	0	0
1,1036	1,107	1,0941	1,1012	-0,2018	2,2072	-0,42	-1,47	-0,94	-1,61	1,0928	1,1083	1,0961	1,1191	0	0	0	0	0	0	0	1,107	1,0941	0	-1,32	-1	-0,43	0	0
1,1011	1,1047	1,0925	1,1006	-0,1833	2,2022	-0,48	-1,5	-0,99	-1,59	1,094	1,1055	1,0995	1,1141	0	-1,5034	0	-1,5939	0	0	0	1,1047	1,0925	0	-1,35	-1	-0,44	0	0
1,1007	1,1077	1,0983	1,103	-0,1021	2,2014	-0,55	-1,53	-1,04	-1,46	1,0948	1,1054	1,0997	1,1139	0	0	0	0	-0,4336	0	0	1,1077	1,0983	0	-1,32	-1	-0,43	0	-1,3212
1,1031	1,1046	1,0955	1,1028	-0,104	2,2062	-0,62	-1,55	-1,08	-1,49	1,0957	1,1045	1,1021	1,1115	0	0	0	0	0	0	0	1,1046	1,0955	0	-1,29	-1	-0,42	0	0
1,0983	1,1025	1,0883	1,0895	-0,1422	2,1966	-0,67	-1,58	-1,12	-1,57	1,0954	1,1006	1,1015	1,1079	0	0	0	0	0	0	0	1,1025	1,0883	0	-1,3	-1	-0,4	0	0
1,0897	1,0946	1,0857	1,094	-0,1381	2,1794	-0,73	-1,6	-1,17	-1,6	1,0822	1,0981	1,075	1,1053	0	0	0	0	0	0	0	1,0946	1,0857	0	-1,33	-1	-0,38	0	0
1,0939	1,0948	1,0871	1,0875	-0,0912	2,1878	-0,79	-1,62	-1,21	-1,56	1,0824	1,0981	1,0752	1,1053	0	0	0	-1,5623	0	0	0	1,0948	1,0871	0	-1,35	-1	-0,36	0	0
1,0873	1,0881	1,079	1,0802	-0,1327	2,1746	-0,86	-1,64	-1,25	-1,68	1,0824	1,0914	1,0753	1,0985	0	0	0	0	0	0	0	1,0881	1,079	0	-1,37	-1	-0,34	0	0
1,0803	1,0867	1,0789	1,0818	-0,1071	2,1606	-0,97	-1,64	-1,3	-1,67	1,0743	1,0913	1,0753	1,0984	0	-1,6378	0	-1,6715	0	0	0	1,0867	1,0789	0	-1,39	-1	-0,31	0	0
1,0824	1,0925	1,0802	1,0885	-0,0776	2,1648	-1,07	-1,63	-1,35	-1,61	1,0799	1,0915	1,0753	1,0984	0	0	0	0	0	0	0	1,0925	1,0802	0	-1,4	-1	-0,27	0	0
1,0886	1,0917	1,0857	1,0879	-0,0142	2,1772	-1,19	-1,59	-1,39	-1,52	1,08	1,0914	1,0757	1,098	0	0	0	0	-0,2049	0	0	1,0917	1,0857	0	-1,35	-1	-0,2	0	-1,3519
1,088	1,0975	1,0877	1,0942	0,0106	2,176	-1,22	-1,58	-1,4	-1,31	1,0854	1,091	1,0793	1,0971	0	0	0	0	0	0	0	1,0975	1,0877	0	-1,25	-1,03	-0,15	0	0
1,0942	1,1052	1,0798	1,1041	-0,0499	2,1884	-1,2	-1,59	-1,39	-1,01	1,0912	1,0938	1,0818	1,1023	0	0	0	0	0	0	0	1,1052	1,0798	0	-1,08	-1,07	-0,13	0	0
1,1042	1,1042	1,0892	1,0905	0,0504	2,2084	-1,15	-1,6	-1,38	-0,78	1,091	1,1034	1,0813	1,1131	0	0	0	0	0	0	0	1,1042	1,0892	0	-0,89	-1,06	-0,14	0	0
1,0897	1,096	1,0887	1,0927	0,045	2,1794	-1,13	-1,59	-1,36	-1,03	1,0818	1,1029	1,0812	1,1127	0	0	0	0	0	0	0	1,096	1,0887	0	-0,81	-1,03	-0,15	0	0
1,0923	1,1007	1,0813	1,0998	-0,0246	2,1846	-1,09	-1,59	-1,34	-0,81	1,0859	1,0961	1,0797	1,1068	0	0	0	-0,8148	0	0	0	1,1007	1,0813	0	-0,75	-1	-0,17	0	0
1,0998	1,1045	1,0938	1,1002	0,0937	2,1996	-1,02	-1,6	-1,31	-0,52	1,0896	1,1087	1,0799	1,1066	0	0	0	0	0	0	0	1,1045	1,0938	0	-0,67	-1	-0,19	0	0
1,1002	1,1067	1,0962	1,0974	0,1005	2,2004	-0,95	-1,61	-1,28	-0,44	1,0918	1,1087	1,0814	1,1066	0	0	0	0	0	0	0	1,1067	1,0962	0	-0,49	-1	-0,23	0	0
1,0976	1,1001	1,0877	1,0893	0,0067	2,1952	-0,92	-1,6	-1,26	-0,73	1,0918	1,1026	1,0814	1,1066	0	0	0	0	0	0	0	1,1001	1,0877	0	-0,46	-1	-0,26	0	0
1,0908	1,092	1,0852	1,0905	-0,0233	2,1816	-0,9	-1,59	-1,24	-0,96	1,0772	1,1	1,0814	1,1066	0	0	0	0	0	0	0	1,092	1,0852	0	-0,59	-1	-0,27	0	0
1,0915	1,0927	1,086	1,0901	-0,0156	2,183	-0,89	-1,59	-1,24	-0,93	1,0779	1,1	1,0814	1,1066	0	0	0	0	0	0	0	1,0927	1,086	0	-0,73	-1	-0,28	0	0
1,0894	1,0962	1,0867	1,0874	-0,0076	2,1788	-0,87	-1,58	-1,23	-0,82	1,0814	1,1	1,0814	1,1066	0	0	0	0	0	0	0	1,0962	1,0867	0	-0,76	-1	-0,28	0	0
1,0881	1,0909	1,0826	1,0835	-0,0514	2,1762	-0,86	-1,58	-1,22	-1,01	1,0815	1,0973	1,0815	1,1065	0	0	0	0	0	0	0	1,0909	1,0826	0	-0,78	-1	-0,29	0	0
1,0834	1,0868	1,0715	1,077	-0,1447	2,1668	-0,86	-1,58	-1,22	-1,25	1,0812	1,0865	1,081	1,0972	0	0	0	0	0	0	0	1,0868	1,0715	0	-0,87	-1	-0,29	0	0
1,0751	1,079	1,068	1,0728	-0,159	2,1502	-0,87	-1,59	-1,23	-1,34	1,064	1,083	1,0533	1,0937	0	0	0	0	0	0	0	1,079	1,068	0	-1,03	-1	-0,29	0	0
1,073	1,0775	1,0697	1,0722	-0,1304	2,146	-0,87	-1,59	-1,23	-1,31	1,064	1,083	1,0533	1,0937	0	0	0	-1,3145	0	0	0	1,0775	1,0697	0	-1,12	-1	-0,29	0	0
1,0722	1,082	1,0686	1,0763	-0,1162	2,1444	-0,87	-1,59	-1,23	-1,24	1,0668	1,0832	1,0562	1,0938	0	0	0	0	0	0	0	1,082	1,0686	0	-1,12	-1	-0,29	0	0
1,0772	1,0823	1,0727	1,0798	-0,0517	2,1544	-0,88	-1,59	-1,24	-1,17	1,0671	1,0832	1,0565	1,0938	0	0	0	0	-0,2897	0	0	1,0823	1,0727	0	-1,07	-1	-0,29	0	-1,0723
1,0799	1,0807	1,0766	1,0786	-0,0016	2,1598	-0,87	-1,58	-1,23	-1,15	1,0674	1,0829	1,0566	1,0937	0	0	0	0	0	0	0	1,0807	1,0766	0	-1,02	-1	-0,29	0	0
1,0783	1,0797	1,0703	1,071	-0,0497	2,1566	-0,87	-1,56	-1,21	-1,23	1,0674	1,0829	1,0566	1,0937	0	0	0	0	0	0	0	1,0797	1,0703	0	-1,02	-1	-0,29	0	0
1,0711	1,0855	1,0705	1,0832	-0,0322	2,1422	-0,86	-1,54	-1,2	-1,07	1,0705	1,083	1,0595	1,094	0	0	0	-1,0701	0	0	0	1,0855	1,0705	0	-0,99	-1	-0,28	0	0
1,0832	1,0845	1,0765	1,078	0,038	2,1664	-0,82	-1,51	-1,17	-0,65	1,0706	1,0914	1,0596	1,0939	0	0	0	0	0	0	0	1,0845	1,0765	0	-0,85	-1	-0,28	0	0
1,0766	1,0883	1,0725	1,0743	0,0081	2,1532	-0,76	-1,5	-1,13	-0,35	1,0731	1,0877	1,0618	1,0945	0	0	0	0	0	0	0	1,0883	1,0725	0	-0,58	-1	-0,28	0	0
1,0743	1,0813	1,0732	1,08	0,0134	2,1486	-0,72	-1,48	-1,1	-0,53	1,0731	1,0877	1,0618	1,0945	0	0	0	0	0	0	0	1,0813	1,0732	0	-0,43	-1	-0,3	0	0
1,0822	1,0879	1,0802	1,0804	0,0712	2,1644	-0,64	-1,45	-1,05	-0,16	1,0733	1,0875	1,0621	1,0942	0	0	0	0	0	0	0	1,0879	1,0802	0	-0,29	-1	-0,31	0	0
1,0808	1,0831	1,0749	1,0782	0,013	2,1616	-0,6	-1,42	-1,01	-0,4	1,0734	1,0874	1,0621	1,0942	0	0	0	0	0	0	0	1,0831	1,0749	0	-0,31	-1	-0,32	0	0
1,0773	1,0818	1,0771	1,0803	0,0265	2,1546	-0,56	-1,38	-0,97	-0,42	1,0734	1,0874	1,0618	1,0945	0	0	0	0	0	0	0	1,0818	1,0771	0	-0,27	-1	-0,33	0	0
1,0805	1,0815	1,0692	1,0707	-0,049	2,161	-0,54	-1,32	-0,93	-0,55	1,0732	1,0843	1,0617	1,0946	0	0	0	0	0	0	0	1,0815	1,0692	0	-0,38	-1	-0,33	0	0
1,0709	1,0717	1,0632	1,0705	-0,0956	2,1418	-0,54	-1,27	-0,91	-0,91	1,0566	1,0783	1,0617	1,0898	0	0	0	0	0	0	0	1,0717	1,0632	0	-0,53	-1	-0,31	0	0
1,0676	1,0702	1,0591	1,0665	-0,1254	2,1352	-0,54	-1,23	-0,89	-1	1,0567	1,0741	1,0618	1,0856	0	0	0	0	0	0	0	1,0702	1,0591	0	-0,7	-1	-0,29	0	0
1,0666	1,0685	1,061	1,0626	-0,0969	2,1332	-0,55	-1,19	-0,87	-1,01	1,0567	1,0741	1,0619	1,0855	0	0	0	0	0	0	0	1,0685	1,061	0	-0,83	-1	-0,27	0	0
1,0621	1,0635	1,0575	1,059	-0,1129	2,1242	-0,55	-1,18	-0,86	-1,08	1,0567	1,0725	1,0617	1,0841	0	0	0	0	0	0	0	1,0635	1,0575	0	-0,88	-1	-0,26	0	0
1,0589	1,066	1,056	1,0642	-0,1114	2,1178	-0,55	-1,19	-0,87	-1,26	1,0582	1,0695	1,0434	1,0786	0	0	0	0	0	0	0	1,066	1,056	0	-0,92	-1	-0,25	0	0
1,0644	1,0685	1,0605	1,061	-0,0537	2,1288	-0,56	-1,2	-0,88	-1,02	1,0585	1,0692	1,0465	1,078	0	-1,2031	0	-1,0195	-0,2536	0	0	1,0685	1,0605	0	-0,91	-1	-0,25	0	0
1,0611	1,0628	1,0577	1,0588	-0,0592	2,1222	-0,56	-1,21	-0,88	-1,12	1,0585	1,0692	1,0463	1,0782	0	0	0	0	0	0	0	1,0628	1,0577	0	-0,9	-1	-0,25	0	0
1,0588	1,0673	1,0579	1,0666	-0,0402	2,1176	-0,56	-1,22	-0,89	-1,06	1,0594	1,0683	1,0485	1,076	0	0	0	-1,0551	0	0	0	1,0673	1,0579	0	-0,85	-1	-0,26	0	0
1,066	1,07	1,0603	1,0627	0,0006	2,132	-0,57	-1,22	-0,9	-0,66	1,0594	1,0683	1,05	1,076	0	0	0	0	0	0	0	1,07	1,0603	0	-0,78	-1	-0,25	0	0
1,0623	1,064	1,0575	1,0615	-0,0157	2,1246	-0,6	-1,22	-0,91	-0,79	1,0595	1,0682	1,0501	1,0759	0	0	0	0	0	0	0	1,064	1,0575	0	-0,7	-1	-0,25	0	0
1,0614	1,0635	1,0552	1,0585	-0,0307	2,1228	-0,6	-1,22	-0,91	-0,86	1,0597	1,0672	1,0504	1,0748	0	0	0	0	0	0	0	1,0635	1,0552	0	-0,65	-1	-0,25	0	0
1,0591	1,0603	1,0551	1,0565	-0,0277	2,1182	-0,6	-1,22	-0,91	-0,9	1,0483	1,0671	1,0502	1,0749	0	0	0	0	0	0	0	1,0603	1,0551	0	-0,71	-1	-0,24	0	0
1,0564	1,0635	1,0559	1,0632	-0,0146	2,1128	-0,59	-1,21	-0,9	-0,65	1,0515	1,0671	1,0503	1,0748	0	0	0	0	-0,2434	0	0	1,0635	1,0559	0	-0,67	-1	-0,24	0	0
1,063	1,0774	1,0617	1,0763	0,0392	2,126	-0,52	-1,22	-0,87	-0,03	1,0649	1,0676	1,0566	1,0759	0	0	0	0	0	0	0	1,0774	1,0617	0	-0,44	-1	-0,25	0	0
1,0763	1,0827	1,0737	1,0796	0,1415	2,1526	-0,41	-1,24	-0,83	0,38	1,0702	1,0862	1,0619	1,0945	0	0	0	0	0	0	0	1,0827	1,0737	0	-0,11	-1	-0,28	0	0
1,0795	1,0815	1,0745	1,0757	0,1355	2,159	-0,32	-1,23	-0,77	0,33	1,0707	1,0857	1,0629	1,0935	0	0	0	0	0	0	0	1,0815	1,0745	0	0,15	0	0	0	0
1,073	1,0829	1,071	1,0782	0,0872	2,146	-0,24	-1,2	-0,72	0,25	1,0708	1,0831	1,0629	1,091	0	0	0	0	0	0	0	1,0829	1,071	0	0,22	1	0,35	0	0
1,0782	1,0802	1,0702	1,071	0,0669	2,1564	-0,18	-1,16	-0,67	0,21	1,0708	1,0823	1,0629	1,0902	0	0	0	0	0	0	0	1,0802	1,0702	0	0,18	1	0,37	0	0
1,0714	1,0732	1,0635	1,065	-0,0033	2,1428	-0,14	-1,12	-0,63	-0,1	1,071	1,0754	1,0634	1,083	0	0	0	0	0	0	0	1,0732	1,0635	0	0,06	1	0,38	0	0
1,0649	1,0672	1,0602	1,0662	-0,039	2,1298	-0,12	-1,09	-0,61	-0,35	1,0554	1,072	1,0634	1,0797	0	0	0	0	0	0	0	1,0672	1,0602	0	-0,1	0	0	0	0
1,0654	1,0744	1,0637	1,0657	-0,0125	2,1308	-0,09	-1,05	-0,57	-0,07	1,0625	1,0721	1,0636	1,0795	0	0	0	0	0	0	0	1,0744	1,0637	0	-0,18	-1	-0,37	0	0
1,067	1,0688	1,0641	1,0676	-0,0175	2,134	-0,07	-1,01	-0,54	-0,25	1,0625	1,0721	1,0634	1,0797	0	0	0	0	0	0	0	1,0688	1,0641	0	-0,22	-1	-0,36	0	0
1,0677	1,071	1,0656	1,0682	-0,0122	2,1354	-0,04	-0,97	-0,51	-0,15	1,063	1,0716	1,0643	1,0788	0	0	0	0	0	0	0	1,071	1,0656	0	-0,16	-1	-0,35	0	0
1,0681	1,0692	1,062	1,0663	-0,0485	2,1362	-0,03	-0,96	-0,5	-0,34	1,063	1,0716	1,0643	1,0788	0	0	0	0	0	0	0	1,0692	1,062	0	-0,24	-1	-0,34	0	0
1,0664	1,0714	1,0613	1,0624	-0,0431	2,1328	-0,03	-0,96	-0,5	-0,34	1,0635	1,0711	1,0656	1,0775	0	0	0	0	0	0	0	1,0714	1,0613	0	-0,28	-1	-0,34	0	0
1,0619	1,0624	1,0544	1,0586	-0,092	2,1238	-0,04	-0,97	-0,51	-0,85	1,0515	1,0653	1,0451	1,0717	0	0	0	0	0	0	0	1,0624	1,0544	0	-0,48	-1	-0,34	0	0
1,0562	1,0609	1,0549	1,0605	-0,0709	2,1124	-0,06	-1	-0,53	-0,85	1,0515	1,0653	1,045	1,0718	0	0	0	0	0	0	0	1,0609	1,0549	0	-0,61	-1	-0,35	0	0
1,0604	1,0643	1,056	1,062	-0,0457	2,1208	-0,07	-1,01	-0,54	-0,68	1,0534	1,0653	1,0469	1,0718	0	0	0	0	0	0	0	1,0643	1,056	0	-0,7	-1	-0,35	0	0
1,062	1,0627	1,0437	1,044	-0,1489	2,124	-0,08	-1,03	-0,56	-1	1,0524	1,0556	1,0445	1,0635	0	0	0	0	0	0	0	1,0627	1,0437	0	-0,76	-1	-0,35	0	0
1,044	1,0491	1,0408	1,0421	-0,1585	2,088	-0,09	-1,07	-0,58	-1,25	1,0374	1,0525	1,0296	1,0603	0	0	0	0	0	0	0	1,0491	1,0408	0	-0,85	-1	-0,36	0	0
1,0422	1,0509	1,0397	1,0429	-0,1455	2,0844	-0,09	-1,09	-0,59	-1,22	1,0391	1,0515	1,0312	1,0594	0	-1,0912	0	-1,2168	0	0	0	1,0509	1,0397	0	-0,99	-1	-0,37	0	0
1,0457	1,0485	1,0412	1,0421	-0,1076	2,0914	-0,09	-1,1	-0,6	-1,15	1,0392	1,0514	1,0315	1,0591	0	0	0	0	0	0	0	1,0485	1,0412	0	-1	-1	-0,38	0	0
1,0422	1,0475	1,0417	1,0454	-0,0787	2,0844	-0,09	-1,11	-0,6	-1,13	1,0393	1,0513	1,0314	1,0592	0	0	0	0	-0,3829	0	0	1,0475	1,0417	0	-0,98	-1	-0,38	0	-0,9809
1,0449	1,046	1,0325	1,0362	-0,1412	2,0898	-0,09	-1,12	-0,61	-1,3	1,0389	1,0445	1,0308	1,0526	0	0	0	0	0	0	0	1,046	1,0325	0	-1,01	-1	-0,39	0	0
1,0359	1,0417	1,0306	1,0326	-0,1295	2,0718	-0,09	-1,13	-0,61	-1,3	1,0297	1,0426	1,0307	1,0508	0	-1,1276	0	-1,3012	0	0	0	1,0417	1,0306	0	-1,06	-1	-0,39	0	0
1,0326	1,0381	1,027	1,0376	-0,1381	2,0652	-0,09	-1,15	-0,62	-1,34	1,0296	1,0391	1,0305	1,0474	0	0	0	0	0	0	0	1,0381	1,027	0	-1,13	-1	-0,4	0	0
1,0365	1,0367	1,0258	1,0298	-0,121	2,073	-0,09	-1,16	-0,63	-1,33	1,0294	1,0381	1,0305	1,0462	0	-1,1643	0	-1,3269	0	0	0	1,0367	1,0258	0	-1,13	-1	-0,41	0	0
1,0292	1,0475	1,0263	1,0462	-0,0863	2,0584	-0,09	-1,16	-0,62	-1,02	1,0341	1,0392	1,0243	1,049	0	0	0	0	-0,4207	0	0	1,0475	1,0263	0	-1,06	-1	-0,42	0	-1,0619
1,0461	1,0488	1,0425	1,0465	0,0769	2,0922	-0,08	-1,16	-0,62	-0,58	1,0355	1,0558	1,0255	1,0491	0	0	0	0	0	0	0	1,0488	1,0425	0	-0,84	-1	-0,42	0	0
1,047	1,0523	1,0436	1,0482	0,0851	2,094	-0,07	-1,15	-0,61	-0,45	1,0389	1,0559	1,0291	1,049	0	0	0	0	0	0	0	1,0523	1,0436	0	-0,58	-1	-0,42	0	0
1,0483	1,0559	1,0469	1,0515	0,1109	2,0966	-0,05	-1,13	-0,59	-0,28	1,0425	1,0559	1,0327	1,049	0	0	0	0	0	0	0	1,0559	1,0469	0	-0,36	-1	-0,42	0	0
1,0506	1,0507	1,0407	1,0422	0,0494	2,1012	-0,03	-1,11	-0,57	-0,32	1,0424	1,0542	1,0328	1,0638	0	0	0	0	0	0	0	1,0507	1,0407	0	-0,29	-1	-0,42	0	0
1,0425	1,0438	1,0379	1,0426	0,0252	2,085	-0,03	-1,1	-0,57	-0,48	1,0303	1,0514	1,0327	1,0611	0	0	0	0	0	0	0	1,0438	1,0379	0	-0,3	-1	-0,42	0	0
1,0426	1,044	1,0289	1,0307	-0,0612	2,0852	-0,05	-1,11	-0,58	-0,53	1,0306	1,0423	1,0328	1,052	0	0	0	0	0	0	0	1,044	1,0289	0	-0,38	-1	-0,42	0	0
1,0305	1,0359	1,0289	1,0347	-0,0595	2,061	-0,12	-1,12	-0,62	-0,72	1,0306	1,0423	1,0128	1,052	0	0	0	0	0	0	0	1,0359	1,0289	0	-0,49	-1	-0,41	0	0
1,0342	1,0428	1,0293	1,0396	-0,0578	2,0684	-0,18	-1,11	-0,65	-0,49	1,0304	1,0425	1,0194	1,0523	0	0	0	0	0	0	0	1,0428	1,0293	0	-0,5	-1	-0,4	0	0
1,0387	1,042	1,0309	1,0348	-0,0469	2,0774	-0,23	-1,11	-0,67	-0,49	1,0304	1,0425	1,0194	1,0523	0	0	0	0	-0,3697	0	0	1,042	1,0309	0	-0,49	-1	-0,37	0	0
1,0343	1,0361	1,0292	1,0324	-0,0668	2,0686	-0,3	-1,11	-0,7	-0,69	1,0305	1,0424	1,0194	1,0523	0	0	0	0	0	0	0	1,0361	1,0292	0	-0,48	-1	-0,34	0	0
1,0327	1,035	1,0272	1,0337	-0,0715	2,0654	-0,33	-1,11	-0,72	-0,75	1,0305	1,0407	1,0194	1,0506	0	0	0	0	0	0	0	1,035	1,0272	0	-0,55	-1	-0,32	0	0
1,0335	1,0423	1,0305	1,04	-0,0254	2,067	-0,34	-1,11	-0,73	-0,49	1,0304	1,0408	1,0193	1,0507	0	0	0	0	-0,3082	0	0	1,0423	1,0305	0	-0,55	-1	-0,31	0	0
1,0407	1,0471	1,0404	1,0429	0,0801	2,0814	-0,35	-1,11	-0,73	-0,19	1,0336	1,0407	1,0236	1,0507	0	0	0	0	0	0	0	1,0471	1,0404	0	-0,41	-1	-0,3	0	0
1,0395	1,0439	1,0326	1,0333	0,0102	2,079	-0,36	-1,11	-0,74	-0,37	1,0335	1,0462	1,0238	1,0505	0	0	0	0	0	0	0	1,0439	1,0326	0	-0,3	-1	-0,3	0	0
1,0332	1,037	1,0314	1,0314	0,0047	2,0664	-0,39	-1,11	-0,75	-0,58	1,0234	1,045	1,0238	1,0505	0	0	0	0	0	0	0	1,037	1,0314	0	-0,33	-1	-0,29	0	0
1,0325	1,036	1,029	1,0354	-0,0194	2,065	-0,41	-1,11	-0,76	-0,66	1,0234	1,0426	1,0238	1,0505	0	0	0	0	0	0	0	1,036	1,029	0	-0,45	-1	-0,28	0	0
1,0359	1,0397	1,0203	1,0238	-0,0978	2,0718	-0,43	-1,12	-0,77	-0,69	1,0254	1,0346	1,0221	1,0453	0	0	0	0	0	0	0	1,0397	1,0203	0	-0,54	-1	-0,27	0	0
1,0232	1,0258	1,021	1,0247	-0,0825	2,0464	-0,43	-1,12	-0,78	-1,01	1,0115	1,0346	1,0219	1,0455	0	0	0	0	0	0	0	1,0258	1,021	0	-0,65	-1	-0,27	0	0
1,0247	1,0258	1,0212	1,0222	-0,0708	2,0494	-0,43	-1,13	-0,78	-1,01	1,0115	1,0346	1,0218	1,0456	0	0	0	-1,0107	0	0	0	1,0258	1,0212	0	-0,74	-1	-0,27	0	0
1,0224	1,026	1,0184	1,0236	-0,088	2,0448	-0,44	-1,15	-0,8	-1,04	1,0117	1,0327	1,0217	1,0438	0	0	0	0	0	0	0	1,026	1,0184	0	-0,84	-1	-0,27	0	0
1,0248	1,0271	1,0199	1,0219	-0,0657	2,0496	-0,45	-1,15	-0,8	-1,07	1,0135	1,032	1,0233	1,0422	0	0	0	0	-0,276	0	0	1,0271	1,0199	0	-0,84	-1	-0,28	0	0
1,0189	1,0227	1,0147	1,0217	-0,1019	2,0378	-0,45	-1,15	-0,8	-1,25	1,0135	1,0283	0,9989	1,0385	0	0	0	0	0	0	0	1,0227	1,0147	0	-0,89	-1	-0,28	0	0
1,0221	1,0244	1,0167	1,02	-0,0582	2,0442	-0,45	-1,14	-0,79	-1,12	1,0136	1,0282	1,0007	1,0384	0	-1,1446	0	-1,1215	0	0	0	1,0244	1,0167	0	-0,9	-1	-0,27	0	0
1,0197	1,02	1,0112	1,0145	-0,0918	2,0394	-0,44	-1,15	-0,8	-1,26	1,0136	1,0247	1,0007	1,0349	0	0	0	0	0	0	0	1,02	1,0112	0	-0,96	-1	-0,27	0	0
1,0146	1,0211	1,0104	1,0171	-0,0788	2,0292	-0,44	-1,16	-0,8	-1,18	1,0135	1,024	1,0007	1,0341	0	-1,1558	0	-1,1791	-0,2712	0	0	1,0211	1,0104	0	-0,95	-1	-0,27	0	0
1,0171	1,0227	1,0123	1,0202	-0,0431	2,0342	-0,44	-1,14	-0,79	-1	1,0136	1,0239	1,001	1,0338	0	0	0	0	0	0	0	1,0227	1,0123	0	-0,93	-1	-0,27	0	0
1,0203	1,0252	1,0184	1,0195	0,0198	2,0406	-0,44	-1,11	-0,77	-0,81	1,0138	1,0237	1,0019	1,0337	0	0	0	0	0	0	0	1,0252	1,0184	0	-0,82	-1	-0,26	0	0
1,0199	1,0231	1,0185	1,02	0,0233	2,0398	-0,44	-1,07	-0,76	-0,79	1,0139	1,0236	1,0018	1,0338	0	0	0	0	0	0	0	1,0231	1,0185	0	-0,71	-1	-0,24	0	0
1,0184	1,0333	1,0122	1,0317	-0,0307	2,0368	-0,43	-1,03	-0,73	-0,54	1,0193	1,0244	1,0077	1,036	0	0	0	0	0	0	0	1,0333	1,0122	0	-0,57	-1	-0,23	0	0
1,0316	1,0437	1,0279	1,0417	0,1168	2,0632	-0,36	-1,02	-0,69	0,16	1,0302	1,0414	1,0197	1,0344	0	0	0	0	0	0	0	1,0437	1,0279	0	-0,28	-1	-0,22	0	0
1,0417	1,0548	1,0394	1,0539	0,2123	2,0834	-0,24	-1,06	-0,65	0,65	1,0409	1,0533	1,0301	1,0641	0	0	0	0	0	0	0	1,0548	1,0394	0	0,12	0	0	0	0
1,0515	1,0575	1,0475	1,0502	0,2605	2,103	-0,1	-1,1	-0,6	0,95	1,0436	1,0614	1,0328	1,0641	0	0	0	0	0	1,0575	1,0475	0	0	0	0,5	1	0,32	0	0
1,0507	1,0546	1,0455	1,0517	0,2117	2,1014	0	-1,13	-0,56	0,86	1,0436	1,0594	1,0328	1,0641	0	0	0	0	0	1,0546	1,0455	0	0	0	0,67	1	0,38	0	0
1,0519	1,0722	1,0518	1,0653	0,2341	2,1038	0,14	-1,16	-0,51	1,3	1,0575	1,0602	1,0457	1,0659	0	0	0	0	0	1,0722	1,0518	0	0	0	0,85	1	0,45	0	0
1,0653	1,0703	1,0609	1,0631	0,2746	2,1306	0,28	-1,18	-0,45	1,34	1,0575	1,0756	1,0458	1,0658	0	0	0	0	0	1,0703	1,0609	0	0	0	0,95	1	0,52	0	0
1,0633	1,0692	1,0591	1,0662	0,2098	2,1266	0,4	-1,18	-0,39	1,25	1,0577	1,0736	1,0463	1,0653	0,4042	0	1,2464	0	0	1,0692	1,0591	0	0	0	1,05	1	0,58	0	0
1,0662	1,0743	1,0651	1,0727	0,2231	2,1324	0,54	-1,18	-0,32	1,46	1,0598	1,0736	1,0484	1,091	0	0	0	0	0	1,0743	1,0651	0	0	0	1,08	1	0,63	0	0
1,0713	1,0742	1,0677	1,0707	0,1999	2,1426	0,67	-1,17	-0,25	1,54	1,06	1,0734	1,0486	1,0908	0	0	0	0	0	1,0742	1,0677	0	0	0	1,12	1	0,68	0	0
1,07	1,0711	1,0627	1,0689	0,0994	2,14	0,78	-1,15	-0,19	1,42	1,0601	1,0733	1,0487	1,0883	0,7797	0	1,4205	0	0	1,0711	1,0627	0	0	0	1,16	1	0,73	0	0
1,0685	1,0702	1,0628	1,0677	0,0655	2,137	0,88	-1,12	-0,12	1,39	1,0601	1,0733	1,0488	1,0882	0	0	0	0	0	1,0702	1,0628	0	0	0,7662	1,14	1	0,77	1,1446	0
1,0679	1,0795	1,067	1,0774	0,0799	2,1358	1	-1,08	-0,04	1,56	1,0652	1,0734	1,0538	1,0884	0	0	0	0	0	1,0795	1,067	0	0	0	1,16	1	0,8	0	0
1,0779	1,083	1,0744	1,0756	0,127	2,1558	1,11	-1,05	0,03	1,62	1,0688	1,0886	1,0574	1,0883	0	0	0	0	0	1,083	1,0744	0	0	0	1,21	1	0,83	0	0
1,0758	1,0791	1,0722	1,0733	0,0783	2,1516	1,19	-1,02	0,09	1,52	1,0688	1,0864	1,0574	1,0883	1,1943	0	1,517	0	0	1,0791	1,0722	0	0	0	1,24	1	0,85	0	0
1,0723	1,0738	1,0681	1,0718	0,021	2,1446	1,27	-0,98	0,14	1,27	1,0689	1,0822	1,0574	1,0883	0	0	0	0	0	1,0738	1,0681	0	0	0,8783	1,16	1	0,87	1,1588	0
1,0722	1,0766	1,07	1,0706	0,0309	2,1444	1,34	-0,93	0,2	1,27	1,0689	1,0822	1,0574	1,0883	0	0	0	0	0	1,0766	1,07	0	0	0	1,07	1	0,89	0	0
1,0707	1,0725	1,0642	1,0656	-0,0322	2,1414	1,38	-0,87	0,26	0,91	1,0689	1,0783	1,0575	1,0882	0	0	0,9135	0	0	1,0725	1,0642	0	0	0	0,91	1,05	0,89	0	0
1,0656	1,0676	1,0622	1,0671	-0,0493	2,1312	1,42	-0,81	0,3	0,73	1,0543	1,0755	1,0591	1,0861	0	0	0	0	0	1,0676	1,0622	0	0	0	0,76	1,09	0,89	0	0
1,0673	1,0695	1,0559	1,0576	-0,1005	2,1346	1,45	-0,73	0,36	0,54	1,0559	1,0695	1,0589	1,08	0	0	0	0	0	1,0695	1,0559	0	0	0	0,56	1,12	0,88	0	0
1,0578	1,0601	1,0543	1,0584	-0,1081	2,1156	1,45	-0,67	0,39	-0,01	1,0559	1,0679	1,0361	1,0783	0	0	0	0	0	1,0601	1,0543	0	0	0	0,32	1,14	0,86	0	0
1,0582	1,0583	1,0492	1,0511	-0,1455	2,1164	1,45	-0,64	0,41	-0,49	1,0559	1,0628	1,0361	1,0732	0	0	0	0	0	1,0583	1,0492	0	0	0	0,01	1,14	0,84	0	0
1,051	1,0561	1,0495	1,052	-0,125	2,102	1,45	-0,59	0,43	-0,48	1,0425	1,0628	1,036	1,0733	0	0	0	0	0	1,0561	1,0495	0	0	0	-0,25	0	0	0	0
1,052	1,0648	1,0455	1,0643	-0,1361	2,104	1,44	-0,52	0,46	-0,27	1,0504	1,0599	1,0391	1,0712	0	0	0	0	0	1,0648	1,0455	0	0	0	-0,32	-1	-0,79	0	0
1,0643	1,0691	1,0627	1,0675	0,0454	2,1286	1,45	-0,42	0,51	0,42	1,0548	1,077	1,0434	1,0712	0	0	0	0	0	1,0691	1,0627	0	0	0	-0,08	-1	-0,76	0	0
1,0671	1,068	1,046	1,049	-0,0995	2,1342	1,43	-0,33	0,55	-0,06	1,0538	1,0613	1,0411	1,0735	0	0	0	0	0	1,068	1,046	0	0	0	0,03	0	0	0	0
1,049	1,0549	1,0398	1,0545	-0,1313	2,098	1,42	-0,27	0,58	-0,4	1,0394	1,0553	1,0407	1,0682	0	0	0	0	0	1,0549	1,0398	0	0	0	0,01	1,12	0,68	0	0
1,0535	1,0548	1,0407	1,0429	-0,0988	2,107	1,41	-0,21	0,6	-0,33	1,0392	1,0555	1,0405	1,0684	0	-0,2091	0	0	0	1,0548	1,0407	0	0	0	-0,18	0	0	0	0
1,0428	1,0472	1,0412	1,0457	-0,0728	2,0856	1,4	-0,18	0,61	-0,44	1,0392	1,0555	1,0404	1,0685	0	0	0	0	0	1,0472	1,0412	0	0	0	-0,27	-1	-0,62	0	0
1,0458	1,049	1,0426	1,0465	-0,0455	2,0916	1,39	-0,14	0,63	-0,37	1,0392	1,0555	1,0406	1,0683	0	-0,1421	0	0	0	1,049	1,0426	0	0	0	-0,27	-1	-0,59	0	0
1,0479	1,0488	1,0435	1,0481	-0,0257	2,0958	1,39	-0,13	0,63	-0,35	1,0401	1,0546	1,0422	1,0667	0	0	0	0	0	1,0488	1,0435	0	0	0	-0,27	-1	-0,58	0	0
1,0481	1,0608	1,048	1,0566	0,0205	2,0962	1,39	-0,14	0,63	-0,02	1,0462	1,0544	1,0426	1,0663	0	0	0	0	0	1,0608	1,048	0	0	0	-0,17	-1	-0,57	0	0
1,0562	1,064	1,056	1,0582	0,094	2,1124	1,38	-0,15	0,61	0,23	1,0497	1,0703	1,0432	1,0657	0	0	0	0	0	1,064	1,056	0	0	0	-0,01	-1	-0,58	0	0
1,0578	1,073	1,0557	1,069	0,0808	2,1156	1,36	-0,17	0,59	0,37	1,0583	1,0704	1,0462	1,0666	0	0	0	0	0	1,073	1,0557	0	0	0	0,17	0	0	0	0
1,069	1,0721	1,0587	1,0612	0,1148	2,138	1,34	-0,18	0,58	0,47	1,0581	1,0706	1,0459	1,0858	0	0	0	0	0	1,0721	1,0587	0	0	0	0,29	1,06	0,58	0	0
1,059	1,0621	1,0568	1,0581	0,085	2,118	1,3	-0,21	0,54	0,24	1,0589	1,0698	1,0476	1,0822	0	0	0	0	0	1,0621	1,0568	0	0	0	0,29	1,04	0,58	0	0
1,0572	1,0603	1,0519	1,0587	0,0239	2,1144	1,25	-0,24	0,5	0,11	1,0462	1,066	1,0476	1,0773	0	0	0	0	0	1,0603	1,0519	0	0	0	0,22	1,01	0,57	0	0
1,0588	1,0645	1,0564	1,0602	0,0532	2,1176	1,2	-0,26	0,47	0,27	1,0505	1,0659	1,0476	1,0773	0	0	0	0	0	1,0645	1,0564	0	0	0	0,18	1	0,56	0	0
1,0603	1,0636	1,0525	1,0542	0,0029	2,1206	1,14	-0,28	0,43	0,18	1,0504	1,066	1,0475	1,0774	0	0	0	0	0	1,0636	1,0525	0	0	0	0,16	1	0,55	0	0
1,0542	1,0565	1,0349	1,0372	-0,1654	2,1084	1,06	-0,32	0,37	-0,24	1,0495	1,0499	1,0454	1,0625	0	0	0	0	0	1,0565	1,0349	0	0	0	0,06	1	0,53	0	0
1,0357	1,0429	1,0301	1,0424	-0,2	2,0714	0,98	-0,37	0,3	-0,51	1,0277	1,0453	1,0151	1,0579	0	0	0	0	0	1,0429	1,0301	0	0	0	-0,14	0	0	0	0
1,0424	1,0437	1,0317	1,0358	-0,1677	2,0848	0,9	-0,43	0,24	-0,67	1,0284	1,0454	1,0159	1,0579	0	0	0	0	0	1,0437	1,0317	0	0	0	-0,38	-1	-0,51	0	0
1,0358	1,0425	1,0287	1,0407	-0,1704	2,0716	0,8	-0,49	0,16	-0,79	1,0283	1,0441	1,0157	1,0567	0	0	0	0	0	0	0	1,0425	1,0287	0	-0,53	-1	-0,5	0	0
1,0406	1,0471	1,0351	1,0382	-0,0858	2,0812	0,68	-0,51	0,09	-0,49	1,0316	1,0442	1,019	1,0568	0	-0,5071	0	0	0	0	0	1,0471	1,0351	0	-0,55	-1	-0,48	0	0
1,0387	1,0427	1,0361	1,0422	-0,0532	2,0774	0,56	-0,52	0,02	-0,52	1,0316	1,0442	1,019	1,0568	0	0	0	0	-0,4451	0	0	1,0427	1,0361	0	-0,51	-1	-0,44	0	0
1,0408	1,0451	1,0349	1,0358	-0,0433	2,0816	0,46	-0,54	-0,04	-0,49	1,0316	1,0442	1,0192	1,0566	0	0	0	0	0	0	0	1,0451	1,0349	0	-0,44	-1	-0,4	0	0
1,0367	1,0504	1,0361	1,0493	-0,0155	2,0734	0,34	-0,53	-0,09	-0,35	1,0346	1,0445	1,0223	1,0568	0	0	0	0	0	0	0	1,0504	1,0361	0	-0,41	-1	-0,36	0	0
1,0491	1,054	1,0407	1,044	0,0462	2,0982	0,26	-0,52	-0,13	-0,17	1,0381	1,0566	1,0258	1,0569	0	0	0	0	0	0	0	1,054	1,0407	0	-0,31	-1	-0,32	0	0
1,044	1,0509	1,0396	1,0507	0,0481	2,088	0,2	-0,52	-0,16	-0,14	1,038	1,0556	1,026	1,0567	0	0	0	0	0	0	0	1,0509	1,0396	0	-0,2	-1	-0,28	0	0
1,0507	1,0541	1,042	1,0438	0,065	2,1014	0,16	-0,51	-0,18	-0,01	1,0381	1,0556	1,0262	1,0566	0	0	0	0	0	0	0	1,0541	1,042	0	-0,08	-1	-0,25	0	0
1,0432	1,048	1,0395	1,0463	0,0306	2,0864	0,15	-0,52	-0,18	-0,12	1,0381	1,0555	1,0264	1,0564	0	0	0	0	0	0	0	1,048	1,0395	0	-0,05	-1	-0,24	0	0
1,0462	1,057	1,0443	1,0524	0,066	2,0924	0,18	-0,49	-0,16	0,2	1,0409	1,0556	1,0293	1,0564	0	0	0	0	0	0	0	1,057	1,0443	0	0,07	0	0	0	0
1,0522	1,0657	1,0517	1,064	0,117	2,1044	0,23	-0,48	-0,12	0,49	1,0495	1,0557	1,038	1,0564	0	0	0	0	0	0	0	1,0657	1,0517	0	0,22	1	0,25	0	0
1,0639	1,0701	1,0609	1,0682	0,1832	2,1278	0,29	-0,47	-0,09	0,72	1,0544	1,0766	1,0435	1,0875	0	0	0	0	0	1,0701	1,0609	0	0	0	0,45	1	0,27	0	0
1,0681	1,0767	1,0666	1,0722	0,2097	2,1362	0,34	-0,49	-0,07	0,93	1,061	1,0766	1,0503	1,0873	0	0	0	0	0	1,0767	1,0666	0	0	0	0,64	1	0,3	0	0
1,0714	1,0774	1,0689	1,0736	0,1987	2,1428	0,41	-0,49	-0,04	0,96	1,0626	1,0757	1,053	1,0853	0	0	0	0	0	1,0774	1,0689	0	0	0	0,76	1	0,33	0	0
1,0735	1,076	1,0669	1,0732	0,1479	2,147	0,48	-0,48	0	0,92	1,0628	1,0755	1,0535	1,0848	0,4825	0	0	0	0	1,076	1,0669	0	0	0	0,81	1	0,36	0	0
1,0737	1,0779	1,0681	1,0691	0,1325	2,1474	0,55	-0,46	0,05	0,94	1,0635	1,0753	1,0543	1,0845	0	0	0	0	0	1,0779	1,0681	0	0	0,392	0,81	1	0,39	0	0
1,0688	1,0747	1,0661	1,0713	0,086	2,1376	0,61	-0,43	0,09	0,93	1,0635	1,0753	1,0545	1,0843	0,6106	0	0	0	0	1,0747	1,0661	0	0	0	0,78	1	0,41	0	0
1,071	1,072	1,0602	1,0633	0,0088	2,142	0,65	-0,4	0,13	0,69	1,0634	1,0747	1,0547	1,0834	0	0	0	0	0	1,072	1,0602	0	0	0	0,72	1	0,42	0	0
1,0614	1,0654	1,0609	1,0632	-0,0056	2,1228	0,67	-0,36	0,15	0,5	1,0509	1,0747	1,0545	1,0836	0	0	0	0	0	1,0654	1,0609	0	0	0	0,59	1	0,43	0	0
1,0633	1,0776	1,0631	1,0773	-0,0024	2,1266	0,71	-0,35	0,18	0,82	1,063	1,0748	1,0543	1,0838	0	0	0	0	0	1,0776	1,0631	0	0	0	0,57	1	0,43	0	0
1,0772	1,0817	1,0735	1,0806	0,0798	2,1544	0,76	-0,34	0,21	1,05	1,0671	1,0881	1,0581	1,0838	0	0	0	0	0	1,0817	1,0735	0	0	0	0,64	1	0,44	0	0
1,081	1,0831	1,0749	1,0776	0,0798	2,162	0,81	-0,34	0,23	1,08	1,069	1,0876	1,0604	1,0829	0	0	0	0	0	1,0831	1,0749	0	0	0	0,78	1	0,45	0	0
1,0774	1,0911	1,0774	1,0896	0,094	2,1548	0,87	-0,34	0,26	1,3	1,077	1,0876	1,0684	1,0829	0	0	0	0	0	1,0911	1,0774	0	0	0	0,9	1	0,47	0	0
1,0898	1,0904	1,0802	1,0816	0,1107	2,1796	0,93	-0,34	0,29	1,26	1,077	1,0943	1,0688	1,1025	0,9254	0	1,2599	0	0	1,0904	1,0802	0	0	0	0,97	1	0,49	0	0
1,0816	1,0852	1,0777	1,0822	0,0749	2,1632	0,97	-0,32	0,33	1,11	1,077	1,0918	1,0687	1,1001	0	0	0	0	0	1,0852	1,0777	0	0	0	0,99	1	0,51	0	0
1,0763	1,0832	1,0758	1,0805	0,0482	2,1526	1,01	-0,3	0,35	0,98	1,077	1,0899	1,0686	1,0983	0	0	0	0	0	1,0832	1,0758	0	0	0,5261	0,91	1	0,52	0	0
1,0805	1,0814	1,0653	1,0694	-0,056	2,161	1,02	-0,29	0,37	0,59	1,0767	1,0797	1,068	1,0884	0	0	0	0	0	1,0814	1,0653	0	0	0	0,74	1	0,53	0	0
1,069	1,0705	1,0633	1,0674	-0,0791	2,138	1,03	-0,26	0,38	0,29	1,0571	1,0767	1,0705	1,0839	0	0	0	0	0	1,0705	1,0633	0	0	0	0,53	1	0,53	0	0
1,0677	1,0697	1,0563	1,0592	-0,1445	2,1354	1,03	-0,24	0,4	-0,11	1,0571	1,0697	1,049	1,077	0	0	0	0	0	1,0697	1,0563	0	0	0	0,25	1	0,52	0	0
1,0594	1,064	1,0482	1,0517	-0,2106	2,1188	1,03	-0,22	0,4	-0,45	1,0568	1,0619	1,0484	1,0695	0	0	0	0	0	1,064	1,0482	0	0	0	-0,04	0	0	0	0
1,0518	1,0546	1,0471	1,0514	-0,1952	2,1036	1,03	-0,23	0,4	-0,9	1,0411	1,0606	1,0486	1,0682	0	0	0	0	0	0	0	1,0546	1,0471	0	-0,37	-1	-0,5	0	0
1,0521	1,0559	1,0435	1,0549	-0,1998	2,1042	1,04	-0,28	0,38	-0,99	1,0424	1,057	1,0485	1,0647	0	0	0	0	0	0	0	1,0559	1,0435	0	-0,61	-1	-0,51	0	0
1,0546	1,0594	1,0484	1,0512	-0,1218	2,1092	1,05	-0,29	0,38	-0,73	1,0458	1,0571	1,0487	1,0645	0	-0,2924	0	0	0	0	0	1,0594	1,0484	0	-0,68	-1	-0,52	0	0
1,0517	1,0557	1,0484	1,0525	-0,09	2,1034	1,05	-0,32	0,37	-0,77	1,0459	1,057	1,0486	1,0646	0	0	0	0	-0,5294	0	0	1,0557	1,0484	0	-0,65	-1	-0,53	0	0
1,0525	1,0535	1,0456	1,0487	-0,0859	2,105	1,06	-0,36	0,35	-0,86	1,0461	1,0568	1,049	1,0642	0	0	0	0	0	0	0	1,0535	1,0456	0	-0,63	-1	-0,54	0	0
1,0486	1,054	1,0344	1,0377	-0,1565	2,0972	1,07	-0,42	0,32	-1,02	1,0455	1,0483	1,0316	1,0568	0	0	0	0	0	0	0	1,054	1,0344	0	-0,73	-1	-0,56	0	0
1,0376	1,0437	1,0361	1,0425	-0,1103	2,0752	1,07	-0,49	0,29	-1,12	1,0299	1,0482	1,0316	1,0568	0	0	0	0	0	0	0	1,0437	1,0361	0	-0,83	-1	-0,59	0	0
1,0445	1,0463	1,0347	1,0391	-0,0957	2,089	1,07	-0,56	0,25	-1,06	1,0325	1,0482	1,0316	1,0568	0	-0,5635	0	-1,0613	0	0	0	1,0463	1,0347	0	-0,89	-1	-0,62	0	0
1,0392	1,0435	1,0366	1,0402	-0,057	2,0784	1,07	-0,62	0,22	-1,05	1,0325	1,0482	1,0315	1,0569	0	0	0	0	0	0	0	1,0435	1,0366	0	-0,9	-1	-0,66	0	0
1,0405	1,0455	1,0387	1,0449	-0,0265	2,081	1,06	-0,69	0,19	-0,96	1,0327	1,048	1,0316	1,0568	0	0	0	0	-0,6853	0	0	1,0455	1,0387	0	-0,86	-1	-0,68	0	0
1,0445	1,0451	1,0391	1,0404	-0,0145	2,089	1,03	-0,76	0,14	-0,95	1,033	1,0477	1,0319	1,0565	0	0	0	0	0	0	0	1,0451	1,0391	0	-0,84	-1	-0,71	0	0
1,0403	1,0416	1,0287	1,032	-0,1037	2,0806	0,99	-0,85	0,07	-1,19	1,0328	1,0422	1,0316	1,0511	0	0	0	0	0	0	0	1,0416	1,0287	0	-0,88	-1	-0,73	0	0
1,0327	1,0343	1,0297	1,033	-0,075	2,0654	0,94	-0,94	0	-1,28	1,0209	1,0421	1,0313	1,0514	0	0	0	0	0	0	0	1,0343	1,0297	0	-0,96	-1	-0,75	0	0
1,0332	1,0355	1,0291	1,0308	-0,0617	2,0664	0,87	-1,02	-0,07	-1,26	1,0221	1,0421	1,0312	1,0515	0	-1,0194	0	-1,263	0	0	0	1,0355	1,0291	0	-1,04	-1	-0,76	0	0
1,0333	1,0434	1,0291	1,0411	-0,0452	2,0666	0,8	-1,08	-0,14	-1,01	1,0297	1,0424	1,0201	1,052	0	0	0	0	-0,7689	0	0	1,0434	1,0291	0	-0,99	-1	-0,77	0	-0,9883
1,041	1,0436	1,0263	1,029	-0,0651	2,082	0,73	-1,13	-0,2	-0,99	1,0294	1,0405	1,0193	1,0506	0	0	0	0	0	0	0	1,0436	1,0263	0	-0,91	-1	-0,76	0	0
1,029	1,0336	1,0246	1,0304	-0,0706	2,058	0,65	-1,2	-0,27	-1,24	1,0194	1,0388	1,0193	1,0489	0	0	0	0	0	0	0	1,0336	1,0246	0	-0,9	-1	-0,76	0	0
1,0307	1,0341	1,0292	1,0322	-0,0191	2,0614	0,58	-1,26	-0,34	-1,14	1,0201	1,0386	1,0191	1,0491	0	-1,255	0	-1,1409	0	0	0	1,0341	1,0292	0	-0,94	-1	-0,75	0	0
1,0321	1,0337	1,0256	1,0279	-0,0441	2,0642	0,53	-1,31	-0,39	-1,2	1,0201	1,0386	1,0194	1,0488	0	0	0	0	0	0	0	1,0337	1,0256	0	-1	-1	-0,75	0	0
1,0278	1,0285	1,0156	1,0183	-0,121	2,0556	0,44	-1,38	-0,47	-1,43	1,0202	1,0295	1,0196	1,0396	0	0	0	0	0	0	0	1,0285	1,0156	0	-1,06	-1	-0,74	0	0
1,0185	1,0213	1,0165	1,0181	-0,0894	2,037	0,33	-1,43	-0,55	-1,41	1,0074	1,0295	0,9971	1,0398	0	-1,4273	0	-1,4097	0	0	0	1,0213	1,0165	0	-1,13	-1	-0,73	0	0
1,0183	1,02	1,0075	1,0174	-0,1582	2,0366	0,2	-1,48	-0,64	-1,54	1,0072	1,0216	0,9969	1,0319	0	0	0	0	0	0	0	1,02	1,0075	0	-1,22	-1	-0,72	0	0
1,0153	1,0203	1,0037	1,0103	-0,1702	2,0306	0,04	-1,51	-0,73	-1,55	1,007	1,018	0,9964	1,0286	0	0	0	0	0	0	0	1,0203	1,0037	0	-1,25	-1	-0,68	0	0
1,0092	1,0124	1,0042	1,0091	-0,1403	2,0184	-0,13	-1,52	-0,82	-1,53	1,007	1,018	0,9964	1,0286	0	-1,5186	0	-1,5251	0	0	0	1,0124	1,0042	0	-1,28	-1	-0,64	0	0
1,0092	1,0128	1,0047	1,0084	-0,1109	2,0184	-0,31	-1,52	-0,91	-1,5	1,007	1,018	0,9964	1,0286	0	0	0	0	-0,5742	0	0	1,0128	1,0047	0	-1,28	-1	-0,57	0	-1,276
1,0083	1,0102	1,0024	1,0086	-0,11	2,0166	-0,49	-1,5	-1	-1,53	1,007	1,0167	0,9964	1,0273	0	0	0	0	0	0	0	1,0102	1,0024	0	-1,27	-1	-0,5	0	0
1,0025	1,0031	0,9994	1,0031	-0,1148	2,005	-0,65	-1,48	-1,07	-1,59	1,0074	1,0133	0,9972	1,0235	0	0	0	0	0	0	0	1,0031	0,9994	0	-1,29	-1	-0,43	0	0
1,0015	1,0261	0,9986	1,0227	-0,0922	2,003	-0,79	-1,45	-1,12	-1,19	1,0105	1,0142	0,9975	1,0272	0	-1,4488	0	-1,1926	-0,3517	0	0	1,0261	0,9986	0	-1,2	-1	-0,35	0	-1,2019
1,0211	1,03	1,0196	1,0249	0,1238	2,0422	-0,85	-1,42	-1,14	-0,73	1,0145	1,0351	1,0016	1,027	0	0	0	0	0	0	0	1,03	1,0196	0	-0,98	-1	-0,28	0	0
1,0251	1,0287	1,0219	1,0279	0,1405	2,0502	-0,86	-1,42	-1,14	-0,47	1,0148	1,0348	1,0021	1,0265	0	0	0	0	0	0	0	1,0287	1,0219	0	-0,68	-1	-0,23	0	0
1,0274	1,0283	1,015	1,0216	0,073	2,0548	-0,82	-1,43	-1,12	-0,46	1,0147	1,0303	1,0018	1,0432	0	0	0	0	0	0	0	1,0283	1,015	0	-0,48	-1	-0,22	0	0
1,0215	1,022	1,011	1,0125	0,0295	2,043	-0,8	-1,43	-1,11	-0,68	1,0147	1,0263	1,0019	1,0391	0	0	0	0	0	0	0	1,022	1,011	0	-0,47	-1	-0,23	0	0
1,0142	1,0157	1,0104	1,0138	0,0168	2,0284	-0,81	-1,43	-1,12	-0,88	1,0005	1,0256	1,0018	1,0386	0	0	0	0	0	0	0	1,0157	1,0104	0	-0,58	-1	-0,24	0	0
1,0139	1,0147	1,0024	1,0052	-0,0614	2,0278	-0,82	-1,43	-1,13	-0,96	1,0004	1,0177	1,0017	1,0307	0	0	0	0	0	0	0	1,0147	1,0024	0	-0,71	-1	-0,23	0	0
1,0052	1,0086	1,0009	1,0071	-0,0726	2,0104	-0,83	-1,43	-1,13	-1,07	1,0004	1,0162	1,0017	1,0292	0	0	0	0	0	0	0	1,0086	1,0009	0	-0,81	-1	-0,23	0	0
1,0067	1,019	1,006	1,0187	-0,0252	2,0134	-0,81	-1,43	-1,12	-0,68	1,0042	1,0157	1,0029	1,028	0	0	0	-0,6829	-0,2254	0	0	1,019	1,006	0	-0,76	-1	-0,23	0	0
1,0172	1,0246	1,0055	1,0085	-0,0363	2,0344	-0,78	-1,43	-1,1	-0,57	1,0091	1,021	1,0017	1,0292	0	0	0	0	0	0	0	1,0246	1,0055	0	-0,65	-1	-0,23	0	0
1,009	1,0142	1,004	1,0139	-0,0567	2,018	-0,77	-1,42	-1,1	-0,85	0,9988	1,0194	1,0017	1,0292	0	0	0	0	0	0	0	1,0142	1,004	0	-0,59	-1	-0,24	0	0
1,008	1,011	1,0072	1,0082	-0,0123	2,016	-0,76	-1,42	-1,09	-0,88	0,9988	1,0194	1,0017	1,0292	0	0	0	0	0	0	0	1,011	1,0072	0	-0,64	-1	-0,25	0	0
1,0088	1,011	1,0056	1,009	-0,012	2,0176	-0,76	-1,42	-1,09	-0,9	0,9988	1,0194	1,0016	1,0293	0	0	0	0	0	0	0	1,011	1,0056	0	-0,73	-1	-0,25	0	0
1,0099	1,0176	1,0068	1,0157	0,0082	2,0198	-0,75	-1,42	-1,08	-0,73	1,0021	1,0195	1,0017	1,0292	0	0	0	0	-0,2498	0	0	1,0176	1,0068	0	-0,69	-1	-0,25	0	0
1,0122	1,017	1,0112	1,013	0,052	2,0244	-0,72	-1,41	-1,06	-0,62	1,0023	1,0193	1,0018	1,0291	0	0	0	0	0	0	0	1,017	1,0112	0	-0,61	-1	-0,26	0	0
1,0128	1,0158	1,0109	1,0132	0,0485	2,0256	-0,68	-1,39	-1,04	-0,57	1,0023	1,0193	1,0018	1,0291	0	0	0	0	0	0	0	1,0158	1,0109	0	-0,52	-1	-0,27	0	0
1,0091	1,0099	1,0029	1,0074	-0,032	2,0182	-0,67	-1,38	-1,03	-0,9	1,0022	1,0183	1,0019	1,029	0	0	0	0	0	0	0	1,0099	1,0029	0	-0,56	-1	-0,27	0	0
1,0077	1,0104	1,003	1,004	-0,0331	2,0154	-0,67	-1,38	-1,02	-0,83	1,0025	1,018	1,0022	1,0287	0	0	0	0	0	0	0	1,0104	1,003	0	-0,62	-1	-0,27	0	0
1,0066	1,008	1,001	1,0025	-0,0481	2,0132	-0,66	-1,37	-1,02	-0,92	1,003	1,0156	1,003	1,0279	0	0	0	0	0	0	0	1,008	1,001	0	-0,72	-1	-0,27	0	0
1,005	1,028	1,0048	1,0262	-0,0094	2,01	-0,6	-1,37	-0,98	-0,16	1,0121	1,0169	0,9978	1,0311	0	0	0	0	-0,2742	0	0	1,028	1,0048	0	-0,52	-1	-0,28	0	0
1,024	1,0343	1,021	1,0308	0,1356	2,048	-0,48	-1,38	-0,93	0,34	1,0181	1,0372	1,0041	1,0311	0	0	0	0	0	0	0	1,0343	1,021	0	-0,23	-1	-0,3	0	0
1,0293	1,0402	1,028	1,0314	0,1848	2,0586	-0,35	-1,4	-0,88	0,56	1,0239	1,0373	1,0099	1,0312	0	0	0	0	0	0	0	1,0402	1,028	0	0,14	0	0	0	0
1,032	1,0414	1,027	1,0319	0,1534	2,064	-0,24	-1,38	-0,81	0,57	1,0251	1,0373	1,0109	1,0575	0	0	0	0	0	0	0	1,0414	1,027	0	0,33	1	0,39	0	0
1,0324	1,033	1,025	1,0289	0,1152	2,0648	-0,16	-1,35	-0,75	0,33	1,025	1,0374	1,0112	1,0552	0	0	0	0	0	0	0	1,033	1,025	0	0,34	1	0,43	0	0
1,0285	1,03	1,021	1,0253	0,0654	2,057	-0,09	-1,29	-0,69	0,26	1,0251	1,0373	1,0113	1,0511	0	0	0	0	0	0	0	1,03	1,021	0	0,27	1	0,45	0	0
1,0255	1,0338	1,0237	1,0332	0,0796	2,051	-0,01	-1,24	-0,63	0,39	1,0255	1,0369	1,0118	1,0506	0	0	0	0	0	0	0	1,0338	1,0237	0	0,24	1	0,46	0	0
1,032	1,0368	1,0256	1,031	0,0759	2,064	0,07	-1,18	-0,56	0,57	1,0254	1,037	1,0118	1,0506	0	0	0	0	0	1,0368	1,0256	0	0	0	0,32	1	0,47	0	0
1,0308	1,0317	1,0234	1,0252	0,0335	2,0616	0,13	-1,11	-0,49	0,41	1,0254	1,037	1,0118	1,0506	0,1297	0	0	0	0	1,0317	1,0234	0	0	0	0,37	1	0,48	0	0
1,0258	1,0271	1,0109	1,0125	-0,1014	2,0516	0,15	-1,04	-0,44	-0,03	1,0107	1,0273	1,0113	1,041	0	0	0	0	0	1,0271	1,0109	0	0	0	0,27	1	0,47	0	0
1,0125	1,0146	1,0066	1,0115	-0,1462	2,025	0,15	-0,97	-0,41	-0,7	1,0108	1,0229	1,0113	1,0367	0	0	0	0	0	0	0	1,0146	1,0066	0	-0,09	0	0	0	0
1,012	1,014	1,007	1,0128	-0,1282	2,024	0,15	-0,95	-0,4	-0,8	1,0124	1,0213	1,0153	1,0327	0	0	0	0	0	0	0	1,014	1,007	0	-0,43	-1	-0,42	0	0
1,0135	1,0163	1,0082	1,0119	-0,0964	2,027	0,15	-0,94	-0,4	-0,68	1,0124	1,0213	0,9902	1,0327	0	0	0	0	0	0	0	1,0163	1,0082	0	-0,63	-1	-0,41	0	0
1,0134	1,0187	1,007	1,0172	-0,0884	2,0268	0,14	-0,95	-0,4	-0,61	1,0039	1,0214	0,9926	1,0327	0	0	0	0	-0,4072	0	0	1,0187	1,007	0	-0,61	-1	-0,41	0	0
1,0171	1,0191	1,0046	1,0089	-0,092	2,0342	0,14	-0,95	-0,41	-0,61	1,0042	1,0195	0,9929	1,0308	0	0	0	0	0	0	0	1,0191	1,0046	0	-0,57	-1	-0,41	0	0
1,0021	1,0075	0,9995	1,0075	-0,1215	2,0042	0,14	-0,98	-0,42	-1,06	1,0043	1,0143	0,9929	1,0257	0	0	0	0	0	0	0	1,0075	0,9995	0	-0,64	-1	-0,41	0	0
1,0073	1,0096	0,9985	1,0003	-0,1063	2,0146	0,14	-0,98	-0,42	-0,98	1,0042	1,0134	0,9931	1,0245	0	-0,9842	0	-0,9822	0	0	0	1,0096	0,9985	0	-0,72	-1	-0,41	0	0
1,001	1,0053	0,9989	1,0009	-0,0756	2,002	0,14	-0,99	-0,43	-1,03	0,9906	1,0132	0,9931	1,0245	0	0	0	0	0	0	0	1,0053	0,9989	0	-0,81	-1	-0,42	0	0
1,0015	1,0027	0,9866	0,9881	-0,1618	2,003	0,14	-1,01	-0,43	-1,31	0,9902	1,0017	0,9925	1,0132	0	0	0	0	0	0	0	1,0027	0,9866	0	-0,89	-1	-0,42	0	0
0,9875	0,989	0,9733	0,9745	-0,2572	1,975	0,15	-1,07	-0,46	-1,61	0,9737	0,9886	0,9621	1,0002	0	0	0	0	0	0	0	0,989	0,9733	0	-1,05	-1	-0,43	0	0
0,9777	0,9827	0,9668	0,9693	-0,2824	1,9554	0,15	-1,15	-0,5	-1,66	0,974	0,9818	0,9628	0,993	0	0	0	0	0	0	0	0,9827	0,9668	0	-1,2	-1	-0,46	0	0
0,9701	0,978	0,966	0,9721	-0,2494	1,9402	0,15	-1,2	-0,53	-1,61	0,9629	0,9811	0,9627	0,9923	0	-1,2001	0	-1,6111	0	0	0	0,978	0,966	0	-1,27	-1	-0,48	0	0
0,9714	0,9806	0,9687	0,9762	-0,1829	1,9428	0,15	-1,24	-0,55	-1,5	0,9654	0,9812	0,9627	0,9923	0	0	0	0	-0,5033	0	0	0,9806	0,9687	0	-1,25	-1	-0,5	0	-1,2523
0,976	0,9946	0,9707	0,99	-0,1266	1,952	0,14	-1,27	-0,56	-1,32	0,9783	0,9823	0,966	0,9946	0	0	0	0	0	0	0	0,9946	0,9707	0	-1,19	-1	-0,52	0	0
0,9906	0,9939	0,9745	0,9825	-0,0585	1,9812	0,14	-1,29	-0,58	-1,18	0,9778	0,9913	0,965	0,9956	0	0	0	0	0	0	0	0,9939	0,9745	0	-1,1	-1	-0,53	0	0
0,9834	0,9834	0,9752	0,9808	-0,0272	1,9668	0,13	-1,31	-0,59	-1,15	0,9778	0,9913	0,9652	0,9954	0	0	0	0	0	0	0	0,9834	0,9752	0	-1,02	-1	-0,54	0	0
0,9811	0,9913	0,9784	0,9854	0,0249	1,9622	0,12	-1,33	-0,61	-0,97	0,9777	0,9914	0,9656	0,995	0	0	0	0	0	0	0	0,9913	0,9784	0	-0,93	-1	-0,54	0	0
0,9855	0,9964	0,9849	0,9938	0,1039	1,971	0,13	-1,31	-0,59	-0,42	0,9795	0,9914	0,9674	0,995	0	0	0	0	0	0	0	0,9964	0,9849	0	-0,71	-1	-0,54	0	0
0,994	0,9958	0,9828	0,985	0,0867	1,988	0,15	-1,29	-0,57	-0,28	0,9794	0,9998	0,9675	0,9949	0	0	0	0	0	0	0	0,9958	0,9828	0	-0,46	-1	-0,54	0	0
0,9849	0,9874	0,9784	0,9864	0,0376	1,9698	0,16	-1,28	-0,56	-0,49	0,9794	0,9954	0,9677	0,9947	0	0	0	0	0	0	0	0,9874	0,9784	0	-0,32	-1	-0,54	0	0
0,9861	0,992	0,9773	0,9785	0,0161	1,9722	0,15	-1,28	-0,57	-0,41	0,9804	0,9933	0,9704	0,992	0	0	0	0	0	0	0	0,992	0,9773	0	-0,3	-1	-0,54	0	0
0,9778	0,986	0,9761	0,9812	-0,006	1,9556	0,1	-1,29	-0,6	-0,56	0,9701	0,992	0,9705	0,9919	0	0	0	0	0	0	0	0,986	0,9761	0	-0,38	-1	-0,54	0	0
0,9809	0,9874	0,9788	0,9866	0,0109	1,9618	0,03	-1,29	-0,63	-0,49	0,9716	0,9919	0,9705	0,9919	0	0	0	0	0	0	0	0,9874	0,9788	0	-0,38	-1	-0,53	0	0
0,9863	0,9956	0,9835	0,9877	0,0451	1,9726	-0,03	-1,29	-0,66	-0,24	0,9799	0,9918	0,9706	0,9918	0	0	0	0	0	0	0	0,9956	0,9835	0	-0,34	-1	-0,51	0	0
0,9877	0,99	0,9804	0,9862	0,0082	1,9754	-0,08	-1,29	-0,68	-0,41	0,9799	0,9918	0,9707	0,9917	0	0	0	0	0	0	0	0,99	0,9804	0	-0,29	-1	-0,49	0	0
0,9845	0,9888	0,984	0,9872	0,0354	1,969	-0,12	-1,29	-0,7	-0,38	0,9799	0,9918	0,9702	0,9922	0	0	0	0	0	0	0	0,9888	0,984	0	-0,26	-1	-0,47	0	0
0,9873	1,0078	0,987	1,0038	0,0568	1,9746	-0,15	-1,28	-0,72	0,05	0,9914	0,9925	0,9802	0,9936	0	0	0	0	0	0	0	1,0078	0,987	0	-0,18	-1	-0,45	0	0
1,0037	1,0089	1,0007	1,0028	0,178	2,0074	-0,18	-1,27	-0,72	0,35	0,9926	1,017	0,9812	1,0284	0	0	0	0	0	0	0	1,0089	1,0007	0	0,01	0	0	0	0
1,0034	1,004	0,9886	0,9929	0,0512	2,0068	-0,21	-1,26	-0,74	0,03	0,9923	1,0052	0,981	1,0165	0	0	0	0	0	0	0	1,004	0,9886	0	0,12	1	0,41	0	0
0,9926	0,9927	0,972	0,9742	-0,1084	1,9852	-0,24	-1,26	-0,75	-0,47	0,992	0,9889	0,9801	1,0008	0	0	0	0	0	0	0	0,9927	0,972	0	-0,03	0	0	0	0
0,9746	0,9746	0,939	0,9717	-0,4001	1,9492	-0,25	-1,28	-0,77	-1,17	0,9552	0,9584	0,9393	0,9743	0	0	0	0	0	0	0	0,9746	0,939	0	-0,43	-1	-0,39	0	0
0,9716	0,9864	0,9615	0,9646	-0,1605	1,9432	-0,25	-1,28	-0,76	-0,68	0,9662	0,9817	0,9497	0,9757	0	0	0	-0,6801	0	0	0	0,9864	0,9615	0	-0,63	-1	-0,39	0	0
0,9643	0,9767	0,9623	0,9734	-0,136	1,9286	-0,25	-1,28	-0,77	-0,8	0,9564	0,9818	0,9498	0,9756	0	0	0	0	0	0	0	0,9767	0,9623	0	-0,72	-1	-0,39	0	0
0,9732	0,9794	0,9612	0,9642	-0,1247	1,9464	-0,26	-1,29	-0,77	-0,76	0,9588	0,9818	0,9495	0,9759	0	0	0	0	-0,387	0	0	0,9794	0,9612	0	-0,62	-1	-0,39	0	0
0,9645	0,9677	0,9585	0,9597	-0,1298	1,929	-0,27	-1,3	-0,78	-0,96	0,9589	0,979	0,9494	0,976	0	0	0	0	0	0	0	0,9677	0,9585	0	-0,69	-1	-0,39	0	0
0,9574	0,967	0,9555	0,9592	-0,1313	1,9148	-0,27	-1,3	-0,78	-1	0,9589	0,976	0,9495	0,9759	0	0	0	0	0	0	0	0,967	0,9555	0	-0,75	-1	-0,39	0	0
0,9588	0,9625	0,9524	0,9596	-0,1277	1,9176	-0,27	-1,3	-0,78	-1,06	0,9589	0,9729	0,9495	0,9759	0	0	0	0	0	0	0	0,9625	0,9524	0	-0,82	-1	-0,39	0	0
0,958	0,9631	0,9519	0,9605	-0,0839	1,916	-0,27	-1,3	-0,78	-1,05	0,9589	0,9724	0,9498	0,9756	0	0	0	-1,0538	0	0	0	0,9631	0,9519	0	-0,85	-1	-0,39	0	0
0,9605	0,97	0,9593	0,9662	0,0194	1,921	-0,24	-1,26	-0,75	-0,3	0,959	0,9723	0,9499	0,9755	0	0	0	0	-0,3881	0	0	0,97	0,9593	0	-0,65	-1	-0,39	0	0
0,9665	0,9685	0,9595	0,9628	0,0339	1,933	-0,21	-1,2	-0,71	-0,33	0,9592	0,9721	0,9499	0,9755	0	0	0	0	0	0	0	0,9685	0,9595	0	-0,45	-1	-0,38	0	0
0,9624	0,9728	0,9614	0,9645	0,0305	1,9248	-0,19	-1,13	-0,66	-0,23	0,9594	0,9719	0,95	0,9754	0	0	0	0	0	0	0	0,9728	0,9614	0	-0,22	-1	-0,37	0	0
0,9634	0,9681	0,9592	0,968	0,0108	1,9268	-0,18	-1,05	-0,62	-0,35	0,9594	0,9719	0,9499	0,9755	0	0	0	0	0	0	0	0,9681	0,9592	0	-0,24	-1	-0,35	0	0
0,9681	0,9711	0,9636	0,9672	0,0535	1,9362	-0,17	-0,99	-0,58	-0,24	0,9595	0,9718	0,9498	0,9756	0	0	0	0	0	0	0	0,9711	0,9636	0	-0,21	-1	-0,33	0	0
0,966	0,9739	0,9644	0,9713	0,0583	1,932	-0,15	-0,93	-0,54	-0,18	0,9602	0,9711	0,9512	0,9742	0	0	0	0	0	0	0	0,9739	0,9644	0	-0,19	-1	-0,31	0	0
0,9695	0,9727	0,9655	0,972	0,0623	1,939	-0,12	-0,88	-0,5	-0,11	0,9606	0,9843	0,9517	0,9737	0	0	0	0	0	0	0	0,9727	0,9655	0	-0,09	-1	-0,29	0	0
0,9725	0,9746	0,9681	0,973	0,0757	1,945	-0,09	-0,83	-0,46	0,04	0,9606	0,9843	0,9516	0,9738	0	0	0	0	0	0	0	0,9746	0,9681	0	0,03	0	0	0	0
0,9731	0,9736	0,9631	0,9639	0,015	1,9462	-0,07	-0,8	-0,43	-0,1	0,9607	0,9818	0,9516	0,9738	0	0	0	0	0	0	0	0,9736	0,9631	0	0,08	1	0,27	0	0
0,9612	0,963	0,9573	0,961	-0,0484	1,9224	-0,07	-0,8	-0,43	-0,45	0,9608	0,9759	0,9515	0,9739	0	0	0	0	0	0	0	0,963	0,9573	0	-0,05	0	0	0	0
0,9605	0,9727	0,9599	0,9716	-0,023	1,921	-0,06	-0,8	-0,43	-0,17	0,9608	0,9759	0,9515	0,9739	0	0	0	0	0	0	0	0,9727	0,9599	0	-0,14	-1	-0,27	0	0
0,9714	0,9776	0,9669	0,9769	0,0396	1,9428	-0,04	-0,79	-0,41	0,07	0,9608	0,9759	0,9515	0,9739	0	0	0	0	0	0	0	0,9776	0,9669	0	-0,11	-1	-0,28	0	0
0,9769	0,9788	0,963	0,9665	-0,001	1,9538	-0,01	-0,78	-0,4	0	0,9607	0,9817	0,9514	0,998	0	0	0	0	0	0	0	0,9788	0,963	0	0,02	0	0	0	0
0,9669	0,97	0,9598	0,9603	-0,0336	1,9338	0	-0,77	-0,39	-0,24	0,9607	0,9785	0,9514	0,9948	0	0	0	0	0	0	0	0,97	0,9598	0	-0,01	0	0	0	0
0,9601	0,9603	0,9476	0,9514	-0,1396	1,9202	-0,01	-0,78	-0,39	-0,59	0,9415	0,9664	0,9514	0,9826	0	0	0	0	0	0	0	0,9603	0,9476	0	-0,2	-1	-0,29	0	0
0,9508	0,9621	0,9505	0,9609	-0,0967	1,9016	-0,02	-0,79	-0,4	-0,51	0,9433	0,9664	0,9271	0,9826	0	0	0	0	0	0	0	0,9621	0,9505	0	-0,35	-1	-0,29	0	0
0,9611	0,9627	0,9525	0,956	-0,0637	1,9222	-0,02	-0,79	-0,4	-0,46	0,9439	0,9664	0,9277	0,9826	0	0	0	0	0	0	0	0,9627	0,9525	0	-0,41	-1	-0,29	0	0
0,956	0,9603	0,95	0,9548	-0,0706	1,912	-0,02	-0,79	-0,41	-0,54	0,9439	0,9664	0,9281	0,9822	0	0	0	0	-0,2898	0	0	0,9603	0,95	0	-0,4	-1	-0,29	0	0
0,9536	0,975	0,9511	0,9602	-0,0476	1,9072	-0,04	-0,8	-0,42	-0,27	0,9559	0,9667	0,9397	0,9829	0	0	0	0	0	0	0	0,975	0,9511	0	-0,34	-1	-0,29	0	0
0,9612	0,971	0,959	0,9621	0,0297	1,9224	-0,09	-0,79	-0,44	-0,22	0,9558	0,9668	0,9398	0,9828	0	0	0	0	0	0	0	0,971	0,959	0	-0,27	-1	-0,28	0	0
0,9602	0,9643	0,9563	0,9577	0,0063	1,9204	-0,11	-0,79	-0,45	-0,36	0,9561	0,9665	0,9399	0,9827	0	0	0	0	0	0	0	0,9643	0,9563	0	-0,22	-1	-0,27	0	0
0,9581	0,9615	0,9534	0,9547	-0,0092	1,9162	-0,11	-0,79	-0,45	-0,44	0,9566	0,966	0,9408	0,9818	0	0	0	0	0	0	0	0,9615	0,9534	0	-0,27	-1	-0,27	0	0
0,9543	0,9627	0,953	0,9624	-0,0032	1,9086	-0,11	-0,74	-0,42	-0,35	0,947	0,9633	0,9481	0,9745	0	0	0	0	0	0	0	0,9627	0,953	0	-0,3	-1	-0,26	0	0
0,9623	0,9647	0,9561	0,9589	0,0315	1,9246	-0,1	-0,72	-0,41	-0,26	0,9503	0,962	0,9515	0,9711	0	0	0	0	-0,2591	0	0	0,9647	0,9561	0	-0,27	-1	-0,26	0	0
0,9585	0,96	0,9518	0,9586	-0,0157	1,917	-0,09	-0,7	-0,4	-0,45	0,9505	0,9618	0,9518	0,9708	0	0	0	0	0	0	0	0,96	0,9518	0	-0,27	-1	-0,25	0	0
0,9587	0,9594	0,9512	0,9523	-0,0224	1,9174	-0,09	-0,68	-0,39	-0,47	0,9511	0,9612	0,9531	0,9695	0	0	0	0	0	0	0	0,9594	0,9512	0	-0,31	-1	-0,24	0	0
0,9525	0,9621	0,9506	0,9619	-0,0265	1,905	-0,09	-0,64	-0,37	-0,42	0,9511	0,9612	0,9401	0,9696	0	0	0	0	0	0	0	0,9621	0,9506	0	-0,37	-1	-0,23	0	0
0,9642	0,9671	0,9515	0,9522	-0,019	1,9284	-0,09	-0,6	-0,34	-0,3	0,9532	0,9654	0,9445	0,9702	0	0	0	0	-0,2153	0	0	0,9671	0,9515	0	-0,32	-1	-0,21	0	0
0,9521	0,9524	0,9438	0,9457	-0,0887	1,9042	-0,11	-0,55	-0,33	-0,69	0,9385	0,9577	0,9445	0,9664	0	0	0	0	0	0	0	0,9524	0,9438	0	-0,38	-1	-0,19	0	0
0,945	0,9488	0,9352	0,9403	-0,1509	1,89	-0,12	-0,54	-0,33	-0,93	0,9384	0,9492	0,9443	0,958	0	0	0	0	0	0	0	0,9488	0,9352	0	-0,52	-1	-0,16	0	0
0,9401	0,9423	0,9346	0,9377	-0,1352	1,8802	-0,11	-0,59	-0,35	-1,01	0,9385	0,9485	0,9194	0,9575	0	0	0	0	0	0	0	0,9423	0,9346	0	-0,73	-1	-0,17	0	0
0,9379	0,9396	0,936	0,9381	-0,1038	1,8758	-0,1	-0,64	-0,37	-1,01	0,9256	0,9486	0,9189	0,958	0	0	0	0	0	0	0	0,9396	0,936	0	-0,82	-1	-0,2	0	0
0,9381	0,9449	0,9365	0,9383	-0,0823	1,8762	-0,11	-0,68	-0,4	-0,9	0,931	0,9485	0,9215	0,958	0	-0,6808	0	-0,8994	-0,219	0	0	0,9449	0,9365	0	-0,81	-1	-0,22	0	0
0,9387	0,9395	0,916	0,9208	-0,2472	1,8774	-0,1	-0,76	-0,43	-1,37	0,9298	0,9311	0,9185	0,9424	0	0	0	0	0	0	0	0,9395	0,916	0	-0,92	-1	-0,25	0	0
0,9209	0,9251	0,9172	0,9236	-0,2006	1,8418	-0,1	-0,84	-0,47	-1,34	0,91	0,9311	0,9185	0,9424	0	-0,8361	0	-1,3416	0	0	0	0,9251	0,9172	0	-1	-1	-0,28	0	0
0,9239	0,9249	0,9058	0,9097	-0,2692	1,8478	-0,09	-0,94	-0,52	-1,7	0,9095	0,9214	0,9173	0,9334	0	0	0	0	0	0	0	0,9249	0,9058	0	-1,19	-1	-0,31	0	0
0,91	0,914	0,9027	0,912	-0,2523	1,82	-0,1	-1,04	-0,57	-1,71	0,9094	0,9184	0,8865	0,9302	0	0	0	0	0	0	0	0,914	0,9027	0	-1,23	-1	-0,35	0	0
0,9118	0,9171	0,9068	0,9157	-0,1666	1,8236	-0,14	-1,11	-0,62	-1,54	0,9093	0,9185	0,8898	0,93	0	-1,1104	0	-1,5432	0	0	0	0,9171	0,9068	0	-1,26	-1	-0,37	0	0
0,915	0,9175	0,903	0,9098	-0,1638	1,83	-0,17	-1,18	-0,67	-1,54	0,9092	0,9186	0,8899	0,9303	0	0	0	0	-0,3837	0	0	0,9175	0,903	0	-1,22	-1	-0,38	0	-1,2227
0,9098	0,9107	0,8881	0,8956	-0,2657	1,8196	-0,18	-1,25	-0,71	-1,71	0,9083	0,9049	0,8882	0,9174	0	0	0	0	0	0	0	0,9107	0,8881	0	-1,24	-1	-0,4	0	0
0,8954	0,8973	0,8844	0,8907	-0,2525	1,7908	-0,21	-1,32	-0,77	-1,72	0,8805	0,9012	0,8882	0,9137	0	0	0	0	0	0	0	0,8973	0,8844	0	-1,29	-1	-0,41	0	0
0,8908	0,9011	0,8899	0,8967	-0,1514	1,7816	-0,27	-1,37	-0,82	-1,57	0,8843	0,9012	0,8882	0,9137	0	-1,3701	0	-1,5671	-0,4216	0	0	0,9011	0,8899	0	-1,29	-1	-0,42	0	-1,286
0,8962	0,9045	0,8912	0,8973	-0,0931	1,7924	-0,33	-1,41	-0,87	-1,49	0,8878	0,9011	0,8884	0,9135	0	0	0	0	0	0	0	0,9045	0,8912	0	-1,22	-1	-0,42	0	0
0,8967	0,9078	0,8942	0,9073	-0,0413	1,7934	-0,37	-1,44	-0,91	-1,33	0,891	0,9012	0,8883	0,9136	0	0	0	0	0	0	0	0,9078	0,8942	0	-1,14	-1	-0,41	0	0
0,9087	0,9127	0,9045	0,9065	0,0744	1,8174	-0,39	-1,45	-0,92	-0,92	0,896	0,9212	0,8883	0,9136	0	0	0	0	0	0	0	0,9127	0,9045	0	-0,98	-1	-0,4	0	0
0,9034	0,9108	0,8987	0,9013	0,0235	1,8068	-0,41	-1,46	-0,94	-1,06	0,896	0,9154	0,8883	0,9136	0	0	0	0	0	0	0	0,9108	0,8987	0	-0,87	-1	-0,4	0	0
0,9012	0,9199	0,8975	0,9197	0,0167	1,8024	-0,43	-1,47	-0,95	-0,81	0,9024	0,915	0,889	0,9153	0	0	0	-0,8077	0	0	0	0,9199	0,8975	0	-0,73	-1	-0,39	0	0
0,9175	0,9192	0,9109	0,9115	0,1466	1,835	-0,4	-1,47	-0,94	-0,21	0,9025	0,9283	0,889	0,9418	0	0	0	0	0	0	0	0,9192	0,9109	0	-0,56	-1	-0,39	0	0
0,907	0,9106	0,8992	0,9002	0,0334	1,814	-0,42	-1,47	-0,94	-0,44	0,9033	0,9158	0,8911	0,928	0	0	0	0	0	0	0	0,9106	0,8992	0	-0,41	-1	-0,39	0	0
0,9004	0,903	0,8886	0,8951	-0,0731	1,8008	-0,45	-1,47	-0,96	-0,82	0,8863	0,9053	0,8909	0,9176	0	0	0	0	0	0	0	0,903	0,8886	0	-0,41	-1	-0,38	0	0
0,8948	0,8972	0,89	0,8944	-0,0647	1,7896	-0,49	-1,48	-0,98	-0,94	0,8863	0,9053	0,8909	0,9176	0	0	0	0	0	0	0	0,8972	0,89	0	-0,59	-1	-0,37	0	0
0,8947	0,8997	0,8843	0,8972	-0,1161	1,7894	-0,51	-1,48	-1	-0,95	0,8861	0,9012	0,8907	0,9135	0	0	0	0	0	0	0	0,8997	0,8843	0	-0,72	-1	-0,36	0	0
0,8973	0,9071	0,8951	0,9027	-0,012	1,7946	-0,53	-1,48	-1,01	-0,61	0,8901	0,9013	0,8907	0,9135	0	0	0	0	-0,3507	0	0	0,9071	0,8951	0	-0,67	-1	-0,35	0	0
0,9024	0,9155	0,9016	0,9074	0,0456	1,8048	-0,54	-1,48	-1,01	-0,34	0,8984	0,9187	0,8906	0,9136	0	0	0	0	0	0	0	0,9155	0,9016	0	-0,52	-1	-0,34	0	0
0,9068	0,9127	0,9024	0,903	0,0557	1,8136	-0,53	-1,48	-1,01	-0,39	0,8984	0,9187	0,8907	0,9135	0	0	0	0	0	0	0	0,9127	0,9024	0	-0,38	-1	-0,34	0	0
0,9029	0,9135	0,8974	0,9125	0,007	1,8058	-0,53	-1,48	-1,01	-0,45	0,8982	0,9147	0,8906	0,9136	0	0	0	0	0	0	0	0,9135	0,8974	0	-0,34	-1	-0,33	0	0
0,9127	0,9342	0,9108	0,931	0,1277	1,8254	-0,49	-1,49	-0,99	0,09	0,9161	0,9155	0,9031	0,9154	0	0	0	0	0	0	0	0,9342	0,9108	0	-0,22	-1	-0,34	0	0
0,9322	0,9333	0,9233	0,9264	0,2403	1,8644	-0,41	-1,52	-0,97	0,43	0,9163	0,9412	0,9033	0,9542	0	0	0	0	0	0	0	0,9333	0,9233	0	0	-1	-0,36	0	0
0,9268	0,941	0,9236	0,9298	0,2189	1,8536	-0,31	-1,54	-0,92	0,57	0,9228	0,9415	0,9098	0,9545	0	0	0	0	0	0	0	0,941	0,9236	0	0,29	0	0	0	0
0,929	0,9382	0,9255	0,9377	0,201	1,858	-0,2	-1,55	-0,87	0,62	0,9228	0,9415	0,9098	0,9545	0	0	0	0	0	0	0	0,9382	0,9255	0	0,45	1	0,46	0	0
0,9369	0,9378	0,9281	0,9313	0,1889	1,8738	-0,09	-1,54	-0,82	0,62	0,9228	0,9415	0,91	0,9543	0	0	0	0	0	0	0	0,9378	0,9281	0	0,53	1	0,51	0	0
0,9312	0,9504	0,9292	0,9463	0,155	1,8624	0,02	-1,54	-0,76	0,8	0,9318	0,9419	0,9193	0,9544	0	0	0	0	0	0	0	0,9504	0,9292	0	0,61	1	0,56	0	0
0,9461	0,9491	0,9409	0,9477	0,2262	1,8922	0,14	-1,53	-0,7	0,9	0,9317	0,9596	0,9193	0,9544	0	0	0	0	0	0,9491	0,9409	0	0	0	0,68	1	0,61	0	0
0,9464	0,9601	0,9447	0,9543	0,2211	1,8928	0,27	-1,5	-0,61	1,12	0,9421	0,9589	0,9305	0,9529	0	0	0	0	0	0,9601	0,9447	0	0	0	0,82	1	0,66	0	0
0,9538	0,963	0,9528	0,9615	0,2517	1,9076	0,41	-1,46	-0,53	1,25	0,945	0,9589	0,9336	0,9822	0	0	0	0	0	0,963	0,9528	0	0	0	0,93	1	0,7	0	0
0,9621	0,9701	0,9505	0,9559	0,1756	1,9242	0,53	-1,39	-0,43	1,27	0,952	0,9686	0,9406	0,98	0	0	0	0	0	0,9701	0,9505	0	0	0	1,03	1	0,74	0	0
0,9543	0,9568	0,9455	0,9529	0,0909	1,9086	0,62	-1,3	-0,34	0,95	0,952	0,9636	0,9406	0,975	0,6222	0	0,9492	0	0	0,9568	0,9455	0	0	0,7631	0,98	1	0,76	0,9811	0
0,9523	0,9561	0,9487	0,9532	0,0975	1,9046	0,71	-1,22	-0,26	0,97	0,952	0,9636	0,9403	0,9753	0	0	0	0	0	0,9561	0,9487	0	0	0	0,91	1	0,77	0	0
0,9535	0,9649	0,9518	0,959	0,1003	1,907	0,8	-1,13	-0,17	1,13	0,9521	0,9635	0,9404	0,9752	0	0	0	0	0	0,9649	0,9518	0	0	0	0,87	1	0,77	0	0
0,9584	0,9654	0,9565	0,9577	0,1163	1,9168	0,88	-1,02	-0,07	1,22	0,9528	0,9628	0,9417	0,9739	0	0	0	0	0	0,9654	0,9565	0	0	0	0,94	1	0,77	0	0
0,9571	0,9604	0,9498	0,9542	0,0276	1,9142	0,94	-0,9	0,02	1,07	0,9528	0,9628	0,9417	0,9739	0,9444	0	1,0737	0	0	0,9604	0,9498	0	0	0	0,98	1	0,77	0	0
0,9542	0,9658	0,9493	0,9646	0,0025	1,9084	1	-0,78	0,11	1,03	0,9526	0,963	0,9414	0,9742	0	0	0	0	0	0,9658	0,9493	0	0	0,7498	0,95	1	0,75	0	0
0,9634	0,9694	0,956	0,9567	0,0544	1,9268	1,06	-0,66	0,2	1,16	0,9526	0,9735	0,9414	0,9742	0	0	0	0	0	0,9694	0,956	0	0	0	0,93	1	0,73	0	0
0,9566	0,9621	0,9526	0,9543	0,0125	1,9132	1,08	-0,55	0,27	0,74	0,9527	0,97	0,9414	0,9742	1,0805	0	0,7426	0	0	0,9621	0,9526	0	0	0	0,83	1	0,7	0	0
0,954	0,9544	0,9428	0,9442	-0,0755	1,908	1,09	-0,47	0,31	0,37	0,9527	0,9602	0,9416	0,9713	0	0	0	0	0	0,9544	0,9428	0	0	0	0,63	1	0,67	0	0
0,945	0,9473	0,9342	0,9357	-0,1452	1,89	1,09	-0,4	0,35	0,07	0,9298	0,9517	0,9416	0,9627	0	0	0	0	0	0,9473	0,9342	0	0	0	0,32	1	0,64	0	0
0,9356	0,9429	0,9336	0,9357	-0,1393	1,8712	1,09	-0,34	0,37	-0,01	0,9306	0,9503	0,9159	0,9606	0	0	0	0	0	0,9429	0,9336	0	0	0	0,11	1	0,61	0	0
0,936	0,9395	0,9294	0,9365	-0,162	1,872	1,09	-0,34	0,37	-0,23	0,9306	0,9461	0,916	0,9563	0	0	0	0	0	0,9395	0,9294	0	0	0	-0,05	0	0	0	0
0,9368	0,9469	0,935	0,9457	-0,0892	1,8736	1,09	-0,31	0,39	0,08	0,9306	0,9461	0,92	0,9563	0	0	0	0	0	0,9469	0,935	0	0	0	-0,05	-1	-0,58	0	0
0,945	0,9468	0,9395	0,9412	-0,0272	1,89	1,09	-0,24	0,42	0,14	0,9307	0,946	0,9198	0,9565	0	0	0	0	0	0,9468	0,9395	0	0	0	0	-1	-0,57	0	0
0,9414	0,9536	0,9411	0,9517	-0,0025	1,8828	1,08	-0,16	0,46	0,13	0,937	0,946	0,9268	0,9562	0	0	0	0	0	0,9536	0,9411	0	0	0	0,1	0	0	0	0
0,9506	0,9601	0,95	0,9523	0,0858	1,9012	1,07	-0,05	0,51	0,51	0,9436	0,9665	0,9335	0,956	0	0	0	0	0	0,9601	0,95	0	0	0	0,23	1	0,51	0	0
0,9522	0,9545	0,9478	0,9502	0,072	1,9044	1,06	0,02	0,54	0,38	0,9437	0,9642	0,9332	0,9563	0	0	0	0	0	0,9545	0,9478	0	0	0	0,3	1	0,47	0	0
0,9503	0,952	0,9462	0,9507	0,0624	1,9006	1,06	0,06	0,56	0,3	0,9438	0,9625	0,9329	0,9566	0	0	0	0	0	0,952	0,9462	0	0	0	0,35	1	0,43	0	0
0,9514	0,9571	0,9505	0,9529	0,0977	1,9028	1,06	0,12	0,59	0,5	0,9438	0,9625	0,9326	0,9569	0	0	0	0	0	0,9571	0,9505	0	0	0	0,35	1	0,41	0	0
0,9529	0,9597	0,9493	0,9505	0,0706	1,9058	1,05	0,2	0,63	0,57	0,9441	0,9622	0,933	0,9565	0	0	0	0	0	0,9597	0,9493	0	0	0	0,41	1	0,38	0	0
0,9506	0,9526	0,9458	0,9482	0,0234	1,9012	1,05	0,22	0,63	0,33	0,9451	0,9608	0,9354	0,9541	0	0	0	0	0	0,9526	0,9458	0	0	0	0,41	1	0,35	0	0
0,948	0,9554	0,9472	0,9551	0,0196	1,896	1,05	0,21	0,63	0,41	0,9451	0,9608	0,9353	0,9542	0	0	0	0	0	0,9554	0,9472	0	0	0,3397	0,39	1	0,34	0	0
0,9548	0,9565	0,9488	0,9522	0,0218	1,9096	1,05	0,21	0,63	0,47	0,9456	0,9603	0,9361	0,9728	0	0	0	0	0	0,9565	0,9488	0	0	0	0,35	1	0,34	0	0
0,9517	0,9526	0,9389	0,9421	-0,0766	1,9034	1,04	0,18	0,61	0,09	0,9455	0,9535	0,936	0,963	0	0	0	0	0	0,9526	0,9389	0	0	0	0,28	1	0,34	0	0
0,9412	0,9424	0,932	0,937	-0,1365	1,8824	1,04	0,13	0,58	-0,24	0,9278	0,9466	0,936	0,9561	0	0	0	0	0	0,9424	0,932	0	0	0	0,11	1	0,35	0	0
0,9366	0,9389	0,9313	0,9381	-0,1248	1,8732	1,03	0,07	0,55	-0,28	0,9288	0,9449	0,9382	0,9532	0	0	0	0	0	0,9389	0,9313	0	0	0	-0,08	0	0	0	0
0,938	0,9399	0,9336	0,9364	-0,0876	1,876	1	0,02	0,51	-0,17	0,9288	0,9449	0,9179	0,9533	0	0	0	0	0	0,9399	0,9336	0	0	0	-0,15	-1	-0,38	0	0
0,9364	0,9365	0,9225	0,924	-0,1749	1,8728	0,97	-0,07	0,45	-0,62	0,9289	0,936	0,9182	0,9442	0	0	0	0	0	0,9365	0,9225	0	0	0	-0,27	-1	-0,4	0	0
0,9247	0,9261	0,9188	0,9242	-0,1802	1,8494	0,93	-0,16	0,38	-0,85	0,9126	0,9323	0,9181	0,9406	0	0	0	0	0	0,9261	0,9188	0	0	0	-0,41	-1	-0,42	0	0
0,9245	0,9343	0,9198	0,9328	-0,1407	1,849	0,87	-0,23	0,32	-0,59	0,9214	0,9317	0,9196	0,9391	0	-0,2279	0	0	0	0,9343	0,9198	0	0	0	-0,52	-1	-0,43	0	0
0,9329	0,9379	0,931	0,9368	-0,0139	1,8658	0,83	-0,26	0,28	-0,18	0,9251	0,9438	0,9196	0,9391	0	0	0	0	-0,4386	0,9379	0,931	0	0	0	-0,38	-1	-0,43	0	0
0,936	0,9374	0,9307	0,9335	-0,0004	1,872	0,78	-0,29	0,25	-0,18	0,9251	0,9435	0,9196	0,9391	0	0	0	0	0	0,9374	0,9307	0	0	0	-0,21	-1	-0,42	0	0
0,9332	0,943	0,9315	0,9382	0,0249	1,8664	0,72	-0,3	0,21	-0,05	0,9303	0,9434	0,9229	0,9389	0	0	0	0	0	0,943	0,9315	0	0	0	-0,07	-1	-0,41	0	0
0,938	0,9448	0,9377	0,9431	0,0881	1,876	0,65	-0,31	0,17	0,14	0,9321	0,9434	0,9246	0,939	0	0	0	0	0	0,9448	0,9377	0	0	0	0,01	0	0	0	0
0,9433	0,9442	0,9314	0,9317	0,0257	1,8866	0,58	-0,31	0,13	0,01	0,932	0,9435	0,9244	0,9518	0	0	0	0	0	0,9442	0,9314	0	0	0	0,05	1	0,37	0	0
0,9315	0,9335	0,9219	0,923	-0,0599	1,863	0,51	-0,33	0,09	-0,34	0,9211	0,9343	0,9254	0,9413	0	0	0	0	0	0,9335	0,9219	0	0	0	-0,02	0	0	0	0
0,9235	0,9293	0,9217	0,9259	-0,05	1,847	0,42	-0,35	0,03	-0,51	0,9214	0,9338	0,9103	0,9407	0	0	0	0	0	0	0	0,9293	0,9217	0	-0,19	-1	-0,31	0	0
0,9263	0,9291	0,9128	0,9139	-0,1293	1,8526	0,37	-0,4	-0,01	-0,69	0,9209	0,9254	0,9091	0,933	0	0	0	0	0	0	0	0,9291	0,9128	0	-0,38	-1	-0,29	0	0
0,9143	0,919	0,911	0,913	-0,1395	1,8286	0,35	-0,46	-0,05	-0,84	0,9065	0,9235	0,9093	0,931	0	0	0	0	0	0	0	0,919	0,911	0	-0,51	-1	-0,28	0	0
0,9135	0,9176	0,8991	0,9066	-0,2378	1,827	0,35	-0,53	-0,09	-1,05	0,9059	0,9122	0,9078	0,9206	0	0	0	0	0	0	0	0,9176	0,8991	0	-0,66	-1	-0,3	0	0
0,9062	0,91	0,901	0,9078	-0,1888	1,8124	0,35	-0,62	-0,13	-1,24	0,906	0,9121	0,8885	0,9206	0	0	0	0	0	0	0	0,91	0,901	0	-0,81	-1	-0,33	0	0
0,907	0,9112	0,905	0,9073	-0,1231	1,814	0,36	-0,69	-0,17	-1,23	0,906	0,9121	0,8896	0,9207	0	-0,689	0	-1,2297	0	0	0	0,9112	0,905	0	-0,92	-1	-0,37	0	0
0,9073	0,9085	0,8982	0,9019	-0,1578	1,8146	0,35	-0,78	-0,21	-1,38	0,9061	0,9111	0,8898	0,9196	0	0	0	0	0	0	0	0,9085	0,8982	0	-1,03	-1	-0,4	0	0
0,902	0,9032	0,8959	0,9012	-0,139	1,804	0,33	-0,87	-0,27	-1,42	0,8903	0,9088	0,8898	0,9173	0	0	0	0	0	0	0	0,9032	0,8959	0	-1,08	-1	-0,44	0	0
0,901	0,9098	0,9001	0,9078	-0,0657	1,802	0,31	-0,93	-0,31	-1,25	0,897	0,9087	0,89	0,9171	0	-0,9322	0	-1,2469	0	0	0	0,9098	0,9001	0	-1,1	-1	-0,47	0	0
0,9079	0,9143	0,9022	0,9022	-0,025	1,8158	0,25	-0,98	-0,37	-1,08	0,9014	0,9088	0,8929	0,9173	0	0	0	0	-0,4903	0	0	0,9143	0,9022	0	-1,02	-1	-0,49	0	-1,018
0,9036	0,9066	0,8995	0,9055	-0,0298	1,8072	0,2	-1,03	-0,42	-1,18	0,9014	0,9088	0,893	0,9172	0	0	0	0	0	0	0	0,9066	0,8995	0	-0,96	-1	-0,49	0	0
0,9058	0,914	0,9054	0,9125	0,0366	1,8116	0,16	-1,05	-0,45	-0,53	0,9014	0,9088	0,8931	0,9171	0	-1,0463	0	-0,5255	0	0	0	0,914	0,9054	0	-0,75	-1	-0,49	0	0
0,9125	0,9177	0,906	0,9158	0,0476	1,825	0,1	-1,05	-0,47	-0,38	0,9047	0,919	0,8965	0,9171	0	0	0	0	0	0	0	0,9177	0,906	0	-0,55	-1	-0,47	0	0
0,916	0,9173	0,9112	0,9162	0,0875	1,832	0,04	-1,05	-0,5	-0,31	0,9048	0,9189	0,8964	0,9172	0	0	0	0	0	0	0	0,9173	0,9112	0	-0,29	-1	-0,45	0	0
0,9161	0,9185	0,9055	0,9063	0,026	1,8322	0	-1,05	-0,52	-0,26	0,9053	0,9187	0,8969	0,9175	0	0	0	0	0	0	0	0,9185	0,9055	0	-0,22	-1	-0,43	0	0
0,9069	0,9076	0,9005	0,9018	-0,0195	1,8138	-0,07	-1,05	-0,56	-0,63	0,9054	0,9136	0,8969	0,9175	0	0	0	0	0	0	0	0,9076	0,9005	0	-0,29	-1	-0,41	0	0
0,902	0,9034	0,894	0,8969	-0,0803	1,804	-0,15	-1,06	-0,6	-0,9	0,8902	0,9072	0,8969	0,9156	0	0	0	0	0	0	0	0,9034	0,894	0	-0,46	-1	-0,38	0	0
0,897	0,9017	0,8905	0,9009	-0,1099	1,794	-0,2	-1,08	-0,64	-1,01	0,8904	0,9035	0,8804	0,9118	0	0	0	0	0	0	0	0,9017	0,8905	0	-0,68	-1	-0,36	0	0
0,902	0,9052	0,899	0,9017	-0,0238	1,804	-0,22	-1,1	-0,66	-0,75	0,8922	0,9035	0,8838	0,9119	0	0	0	-0,7496	0	0	0	0,9052	0,899	0	-0,71	-1	-0,35	0	0
0,9017	0,9072	0,8972	0,902	-0,0368	1,8034	-0,24	-1,1	-0,67	-0,72	0,8942	0,9035	0,8858	0,9119	0	0	0	0	-0,3405	0	0	0,9072	0,8972	0	-0,66	-1	-0,34	0	0
0,9022	0,9043	0,8982	0,8998	-0,0255	1,8044	-0,27	-1,12	-0,69	-0,79	0,8942	0,9035	0,8858	0,9119	0	0	0	0	0	0	0	0,9043	0,8982	0	-0,6	-1	-0,33	0	0
0,8994	0,9022	0,8904	0,8922	-0,0885	1,7988	-0,28	-1,13	-0,7	-0,97	0,8943	0,9033	0,8862	0,9114	0	0	0	0	0	0	0	0,9022	0,8904	0	-0,66	-1	-0,33	0	0
0,8921	0,8947	0,8865	0,8943	-0,108	1,7842	-0,28	-1,15	-0,72	-1,2	0,8818	0,8994	0,8862	0,9075	0	0	0	0	0	0	0	0,8947	0,8865	0	-0,8	-1	-0,33	0	0
0,8947	0,8972	0,8837	0,8886	-0,1085	1,7894	-0,3	-1,18	-0,74	-1,19	0,8844	0,8965	0,8864	0,9045	0	-1,1774	0	-1,1875	0	0	0	0,8972	0,8837	0	-0,91	-1	-0,34	0	0
0,8885	0,9016	0,8872	0,8995	-0,0552	1,777	-0,33	-1,19	-0,76	-0,89	0,8885	0,8968	0,8859	0,905	0	0	0	0	-0,3433	0	0	0,9016	0,8872	0	-0,88	-1	-0,34	0	0
0,8995	0,9038	0,8962	0,8975	0,0391	1,799	-0,35	-1,19	-0,77	-0,54	0,8907	0,9093	0,886	0,9049	0	0	0	0	0	0	0	0,9038	0,8962	0	-0,7	-1	-0,34	0	0
0,8975	0,8989	0,8846	0,8896	-0,0675	1,795	-0,4	-1,2	-0,8	-0,89	0,8905	0,8979	0,8856	0,9053	0	0	0	0	0	0	0	0,8989	0,8846	0	-0,61	-1	-0,32	0	0
0,8897	0,8898	0,8683	0,8696	-0,2083	1,7794	-0,48	-1,22	-0,85	-1,34	0,8755	0,8826	0,8831	0,8924	0	0	0	0	0	0	0	0,8898	0,8683	0	-0,74	-1	-0,3	0	0
0,8714	0,8765	0,8629	0,8718	-0,2262	1,7428	-0,55	-1,24	-0,9	-1,4	0,8621	0,8773	0,8523	0,8871	0	0	0	0	0	0	0	0,8765	0,8629	0	-0,97	-1	-0,28	0	0
0,872	0,8748	0,8633	0,866	-0,1883	1,744	-0,59	-1,27	-0,93	-1,37	0,8621	0,8773	0,8523	0,8871	0	-1,2687	0	-1,3728	0	0	0	0,8748	0,8633	0	-1,1	-1	-0,26	0	0
0,8641	0,8723	0,8563	0,8579	-0,2164	1,7282	-0,62	-1,3	-0,96	-1,44	0,8618	0,871	0,8518	0,881	0	0	0	0	0	0	0	0,8723	0,8563	0	-1,13	-1	-0,25	0	0
0,8584	0,8689	0,8548	0,8635	-0,1958	1,7168	-0,64	-1,33	-0,99	-1,44	0,8543	0,8694	0,8522	0,8791	0	-1,3336	0	-1,4356	0	0	0	0,8689	0,8548	0	-1,14	-1	-0,25	0	0
0,8634	0,8703	0,858	0,8593	-0,1353	1,7268	-0,65	-1,36	-1	-1,37	0,8556	0,8695	0,8521	0,8792	0	0	0	0	0	0	0	0,8703	0,858	0	-1,15	-1	-0,26	0	0
0,8599	0,8738	0,8564	0,8642	-0,124	1,7198	-0,66	-1,37	-1,02	-1,36	0,8592	0,8694	0,8524	0,8789	0	0	0	0	-0,2644	0	0	0,8738	0,8564	0	-1,13	-1	-0,26	0	-1,1335
0,8643	0,8699	0,8524	0,8532	-0,1292	1,7286	-0,66	-1,38	-1,02	-1,37	0,8588	0,8674	0,8515	0,8774	0	0	0	0	0	0	0	0,8699	0,8524	0	-1,12	-1	-0,27	0	0
0,8529	0,8574	0,8509	0,8533	-0,0989	1,7058	-0,66	-1,39	-1,02	-1,38	0,8424	0,8659	0,8516	0,8758	0	0	0	0	0	0	0	0,8574	0,8509	0	-1,12	-1	-0,27	0	0
0,8544	0,8564	0,8474	0,851	-0,0967	1,7088	-0,66	-1,39	-1,03	-1,42	0,8424	0,8624	0,8515	0,8724	0	0	0	0	0	0	0	0,8564	0,8474	0	-1,13	-1	-0,28	0	0
0,851	0,8518	0,8437	0,849	-0,1091	1,702	-0,66	-1,39	-1,03	-1,44	0,8424	0,8587	0,8269	0,8686	0	0	0	0	0	0	0	0,8518	0,8437	0	-1,16	-1	-0,28	0	0
0,8491	0,8615	0,8455	0,8614	-0,0737	1,6982	-0,66	-1,39	-1,03	-1,25	0,8462	0,859	0,8361	0,8691	0	-1,3945	0	-1,2466	-0,283	0	0	0,8615	0,8455	0	-1,13	-1	-0,28	0	-1,1284
0,8605	0,9022	0,8568	0,8758	0,0458	1,721	-0,6	-1,4	-1	-0,16	0,8825	0,8765	0,8636	0,8823	0	0	0	0	0	0	0	0,9022	0,8568	0	-0,76	-1	-0,28	0	0
0,8795	0,8828	0,8708	0,8742	0,1713	1,759	-0,56	-1,38	-0,97	-0,38	0,863	0,8766	0,8637	0,8822	0	0	0	0	0	0	0	0,8828	0,8708	0	-0,46	-1	-0,29	0	0
0,8744	0,8838	0,8724	0,8826	0,1697	1,7488	-0,54	-1,38	-0,96	-0,33	0,8639	0,8767	0,8637	0,8822	0	0	0	0	0	0	0	0,8838	0,8724	0	-0,21	-1	-0,3	0	0
0,8829	0,8885	0,878	0,8831	0,2057	1,7658	-0,51	-1,39	-0,95	-0,04	0,8686	0,8979	0,8637	0,9165	0	0	0	0	0	0	0	0,8885	0,878	0	-0,2	-1	-0,32	0	0
0,883	0,8864	0,8765	0,879	0,1706	1,766	-0,48	-1,4	-0,94	-0,02	0,8686	0,8964	0,8639	0,9148	0	0	0	0	0	0	0	0,8864	0,8765	0	-0,11	-1	-0,33	0	0
0,8791	0,8851	0,8745	0,8837	0,1285	1,7582	-0,46	-1,41	-0,93	-0,01	0,8687	0,8943	0,864	0,9127	0	0	0	0	0	0	0	0,8851	0,8745	0	-0,02	-1	-0,34	0	0
0,884	0,8857	0,8758	0,877	0,1166	1,768	-0,4	-1,41	-0,91	0,1	0,8686	0,8944	0,8641	0,9126	0	0	0	0	0	0	0	0,8857	0,8758	0	0,03	0	0	0	0
0,8771	0,8786	0,8724	0,8752	0,0576	1,7542	-0,35	-1,41	-0,88	-0,09	0,8687	0,8922	0,8639	0,9107	0	0	0	0	0	0	0	0,8786	0,8724	0	0,01	1	0,38	0	0
0,8757	0,8778	0,8714	0,8749	0,0199	1,7514	-0,31	-1,4	-0,85	-0,12	0,8687	0,8912	0,8638	0,9098	0	0	0	0	0	0	0	0,8778	0,8714	0	-0,02	0	0	0	0
0,8744	0,8787	0,8676	0,8686	-0,0402	1,7488	-0,27	-1,39	-0,83	-0,15	0,8687	0,8874	0,8639	0,9059	0	0	0	0	0	0	0	0,8787	0,8676	0	-0,09	-1	-0,42	0	0
0,869	0,8741	0,8659	0,8682	-0,0663	1,738	-0,25	-1,38	-0,81	-0,19	0,8543	0,8857	0,8639	0,9042	0	0	0	0	0	0	0	0,8741	0,8659	0	-0,12	-1	-0,43	0	0
0,8689	0,8711	0,8659	0,868	-0,0614	1,7378	-0,22	-1,37	-0,8	-0,27	0,8543	0,8857	0,8638	0,9043	0	0	0	0	0	0	0	0,8711	0,8659	0	-0,18	-1	-0,44	0	0
0,8681	0,8744	0,8657	0,8715	-0,0567	1,7362	-0,18	-1,36	-0,77	-0,18	0,8547	0,8854	0,8638	0,9041	0	0	0	0	0	0	0	0,8744	0,8657	0	-0,2	-1	-0,45	0	0
0,8715	0,8765	0,8652	0,8656	-0,0489	1,743	-0,14	-1,33	-0,74	-0,14	0,8567	0,885	0,8638	0,9036	0	0	0	0	0	0	0	0,8765	0,8652	0	-0,19	-1	-0,45	0	0
0,865	0,868	0,8609	0,8622	-0,0763	1,73	-0,13	-1,3	-0,71	-0,5	0,8568	0,8806	0,8638	0,8993	0	0	0	0	0	0	0	0,868	0,8609	0	-0,25	-1	-0,46	0	0
0,8625	0,866	0,8526	0,856	-0,1374	1,725	-0,12	-1,29	-0,71	-0,75	0,8569	0,8722	0,8277	0,8909	0	0	0	0	0	0	0	0,866	0,8526	0	-0,42	-1	-0,45	0	0
0,8545	0,8556	0,8456	0,8498	-0,1772	1,709	-0,14	-1,32	-0,73	-1,13	0,8359	0,8653	0,8277	0,8839	0	0	0	0	0	0	0	0,8556	0,8456	0	-0,71	-1	-0,45	0	0
0,8501	0,856	0,8471	0,854	-0,1369	1,7002	-0,14	-1,32	-0,73	-1,02	0,8365	0,8651	0,8278	0,8838	0	0	0	-1,0179	0	0	0	0,856	0,8471	0	-0,85	-1	-0,46	0	0
0,8539	0,8575	0,8323	0,8388	-0,2458	1,7078	-0,14	-1,31	-0,73	-1,22	0,8377	0,8521	0,827	0,8713	0	0	0	0	0	0	0	0,8575	0,8323	0	-0,98	-1	-0,46	0	0
0,8384	0,8452	0,8378	0,8431	-0,161	1,6768	-0,14	-1,31	-0,72	-1,26	0,8378	0,852	0,8271	0,8712	0	0	0	0	0	0	0	0,8452	0,8378	0	-1,02	-1	-0,46	0	0
0,8427	0,848	0,8347	0,8419	-0,1608	1,6854	-0,14	-1,3	-0,72	-1,22	0,8378	0,852	0,827	0,8713	0	0	0	-1,2223	0	0	0	0,848	0,8347	0	-1,07	-1	-0,46	0	0
0,8412	0,8423	0,8343	0,8352	-0,1332	1,6824	-0,14	-1,28	-0,71	-1,28	0,838	0,8518	0,8272	0,8711	0	0	0	0	0	0	0	0,8423	0,8343	0	-1,08	-1	-0,46	0	0
0,835	0,8403	0,8341	0,8356	-0,1036	1,67	-0,14	-1,27	-0,71	-1,28	0,821	0,8516	0,8273	0,871	0	0	0	-1,2778	0	0	0	0,8403	0,8341	0	-1,09	-1	-0,46	0	0
0,8358	0,8386	0,8243	0,827	-0,1607	1,6716	-0,14	-1,28	-0,71	-1,44	0,821	0,8436	0,8272	0,8631	0	0	0	0	0	0	0	0,8386	0,8243	0	-1,15	-1	-0,46	0	0
0,8266	0,8324	0,8225	0,8301	-0,1403	1,6532	-0,14	-1,28	-0,71	-1,44	0,8213	0,8415	0,794	0,8609	0	0	0	0	0	0	0	0,8324	0,8225	0	-1,2	-1	-0,46	0	0
0,8307	0,8441	0,8283	0,8394	-0,058	1,6614	-0,14	-1,28	-0,71	-1,24	0,8252	0,8414	0,8059	0,8607	0	-1,2757	0	-1,2367	-0,4637	0	0	0,8441	0,8283	0	-1,19	-1	-0,46	0	-1,1902
0,8407	0,8528	0,8385	0,8398	0,0511	1,6814	-0,12	-1,23	-0,68	-0,49	0,8336	0,8417	0,8145	0,8608	0	0	0	0	0	0	0	0,8528	0,8385	0	-0,91	-1	-0,46	0	0
0,8404	0,8499	0,8378	0,849	0,0534	1,6808	-0,11	-1,19	-0,65	-0,58	0,8336	0,8417	0,8145	0,8608	0	0	0	0	0	0	0	0,8499	0,8378	0	-0,66	-1	-0,45	0	0
0,8484	0,8615	0,8464	0,8612	0,1253	1,6968	-0,08	-1,13	-0,61	-0,13	0,842	0,8659	0,823	0,861	0	0	0	0	0	0	0	0,8615	0,8464	0	-0,34	-1	-0,43	0	0
0,8614	0,8667	0,855	0,8593	0,1941	1,7228	-0,03	-1,09	-0,56	0,19	0,8474	0,8657	0,8285	0,8932	0	0	0	0	0	0	0	0,8667	0,855	0	-0,16	-1	-0,43	0	0
0,8582	0,8796	0,857	0,8664	0,1918	1,7164	0,02	-1,09	-0,54	0,46	0,864	0,862	0,8527	0,8819	0	0	0	0	0	0	0	0,8796	0,857	0	0,13	0	0	0	0
0,8666	0,873	0,8554	0,8611	0,1547	1,7332	0,07	-1,09	-0,51	0,43	0,8637	0,8713	0,852	0,8826	0,071	0	0	0	0	0	0	0,873	0,8554	0	0,28	1	0,46	0	0
0,8613	0,8666	0,8573	0,8602	0,1505	1,7226	0,12	-1,09	-0,49	0,4	0,8507	0,8713	0,852	0,8826	0	0	0	0	0	0	0	0,8666	0,8573	0	0,35	1	0,48	0	0
0,86	0,869	0,8514	0,8556	0,0644	1,72	0,14	-1,09	-0,48	0,31	0,8528	0,8676	0,8513	0,8797	0	0	0	0	0	0	0	0,869	0,8514	0	0,32	1	0,5	0	0
0,8556	0,8671	0,8514	0,866	0,0355	1,7112	0,16	-1,09	-0,47	0,24	0,8525	0,8679	0,8509	0,8801	0	0	0	0	0	0	0	0,8671	0,8514	0	0,27	1	0,51	0	0
0,8664	0,8706	0,859	0,8602	0,0808	1,7328	0,18	-1,09	-0,45	0,39	0,8541	0,8679	0,8509	0,8801	0	0	0	0	0	0	0	0,8706	0,859	0	0,27	1	0,52	0	0
0,8619	0,8664	0,8577	0,8592	0,0486	1,7238	0,2	-1,09	-0,45	0,28	0,8541	0,8679	0,8508	0,8802	0,1962	0	0	0	0	0	0	0,8664	0,8577	0	0,26	1	0,53	0	0
0,856	0,8615	0,8546	0,8579	0,0008	1,712	0,21	-1,09	-0,44	0,15	0,8541	0,8679	0,8509	0,8801	0	0	0	0	0	0	0	0,8615	0,8546	0	0,24	1	0,54	0	0
0,8574	0,8633	0,855	0,857	-0,0038	1,7148	0,23	-1,09	-0,43	0,18	0,8541	0,8679	0,8511	0,8799	0	0	0	0	0	0	0	0,8633	0,855	0	0,16	1	0,54	0	0
0,8572	0,8598	0,8511	0,8518	-0,0389	1,7144	0,24	-1,08	-0,42	0,01	0,8542	0,8675	0,851	0,8797	0	0	0	0	0	0	0	0,8598	0,8511	0	0,06	1	0,55	0	0
0,853	0,8576	0,8472	0,8487	-0,0681	1,706	0,24	-1,08	-0,42	-0,11	0,8411	0,8637	0,8511	0,8757	0	0	0	0	0	0	0	0,8576	0,8472	0	-0,05	0	0	0	0
0,8493	0,8522	0,8459	0,8511	-0,0716	1,6986	0,24	-1,08	-0,42	-0,25	0,8411	0,8624	0,8238	0,8743	0	0	0	0	0	0	0	0,8522	0,8459	0	-0,17	-1	-0,55	0	0
0,8514	0,8534	0,8414	0,8433	-0,1007	1,7028	0,23	-1,08	-0,43	-0,31	0,8411	0,8579	0,8251	0,8697	0	0	0	0	0	0	0	0,8534	0,8414	0	-0,27	-1	-0,55	0	0
0,843	0,8485	0,8408	0,844	-0,0961	1,686	0,22	-1,1	-0,44	-0,63	0,8411	0,8573	0,825	0,8692	0	0	0	0	0	0	0	0,8485	0,8408	0	-0,42	-1	-0,54	0	0
0,8448	0,8456	0,837	0,838	-0,1197	1,6896	0,21	-1,11	-0,45	-0,77	0,8411	0,8535	0,8251	0,8653	0	0	0	0	0	0	0	0,8456	0,837	0	-0,57	-1	-0,55	0	0
0,8388	0,8456	0,8372	0,8383	-0,0959	1,6776	0,21	-1,11	-0,45	-0,72	0,8292	0,8534	0,8251	0,8653	0	0	0	0	0	0	0	0,8456	0,8372	0	-0,68	-1	-0,55	0	0
0,8388	0,8525	0,8381	0,8512	-0,0673	1,6776	0,22	-1,08	-0,43	-0,48	0,836	0,8535	0,8249	0,8655	0	0	0	0	-0,547	0	0	0,8525	0,8381	0	-0,64	-1	-0,55	0	0
0,8518	0,8579	0,85	0,8564	0,0563	1,7036	0,25	-1,04	-0,39	-0,03	0,8414	0,8535	0,8294	0,8655	0	0	0	0	0	0	0	0,8579	0,85	0	-0,4	-1	-0,54	0	0
0,856	0,8658	0,8552	0,8574	0,1081	1,712	0,28	-0,98	-0,35	0,17	0,8505	0,8705	0,8403	0,8625	0	0	0	0	0	0	0	0,8658	0,8552	0	-0,12	-1	-0,53	0	0
0,8572	0,8734	0,8564	0,8722	0,1148	1,7144	0,32	-0,92	-0,3	0,34	0,8577	0,8709	0,8474	0,863	0	0	0	0	0	0	0	0,8734	0,8564	0	0,13	0	0	0	0
0,8722	0,8793	0,8698	0,8784	0,2262	1,7444	0,4	-0,85	-0,23	0,8	0,8637	0,8854	0,8534	0,8957	0	0	0	0	0	0,8793	0,8698	0	0	0	0,33	1	0,52	0	0
0,8785	0,8932	0,8753	0,889	0,2518	1,757	0,52	-0,8	-0,14	1,37	0,8772	0,8858	0,8666	0,8964	0	0	0	0	0	0,8932	0,8753	0	0	0	0,62	1	0,52	0	0
0,888	0,8907	0,8781	0,8796	0,2431	1,776	0,63	-0,73	-0,05	1,38	0,8771	0,8942	0,8669	0,8961	0	0	0	0	0	0,8907	0,8781	0	0	0	0,88	1	0,53	0	0
0,8796	0,892	0,8768	0,8913	0,1941	1,7592	0,71	-0,63	0,04	1,3	0,8771	0,8929	0,8668	0,8962	0,7079	0	1,3034	0	0	0,892	0,8768	0	0	0	1,03	1	0,54	0	0
0,8918	0,8974	0,885	0,8892	0,2281	1,7836	0,8	-0,52	0,14	1,5	0,8812	0,893	0,871	0,8962	0	0	0	0	0	0,8974	0,885	0	0	0	1,07	1	0,54	0	0
0,89	0,8915	0,8805	0,886	0,1398	1,78	0,86	-0,41	0,22	1,25	0,8814	0,8928	0,8713	0,8959	0,8573	0	1,2508	0	0	0,8915	0,8805	0	0	0,5225	1,05	1	0,52	1,0495	0
0,8822	0,8863	0,8746	0,8758	0,0443	1,7644	0,91	-0,36	0,27	1,01	0,8816	0,8904	0,8715	0,8957	0	0	0	0	0	0,8863	0,8746	0	0	0	0,97	1	0,51	0	0
0,8774	0,8838	0,8748	0,8788	0,0215	1,7548	0,95	-0,3	0,32	0,99	0,868	0,8904	0,8715	0,8957	0	0	0	0	0	0,8838	0,8748	0	0	0	0,85	1	0,51	0	0
0,879	0,8816	0,8712	0,8766	-0,0305	1,758	0,98	-0,27	0,35	0,77	0,8682	0,8868	0,8718	0,8954	0	0	0	0	0	0,8816	0,8712	0	0	0	0,73	1	0,51	0	0
0,8766	0,8915	0,8753	0,8905	-0,0084	1,7532	1	-0,26	0,37	0,68	0,8757	0,887	0,8713	0,8959	0	0	0	0	0	0,8915	0,8753	0	0	0	0,64	1	0,51	0	0
0,8928	0,9	0,89	0,8952	0,1184	1,7856	1,04	-0,25	0,4	1,21	0,8851	0,9049	0,8762	0,8936	0	0	0	0	0	0,9	0,89	0	0	0	0,69	1	0,51	0	0
0,8941	0,9017	0,892	0,8934	0,1217	1,7882	1,09	-0,24	0,42	1,28	0,8873	0,9044	0,8789	0,9148	0	0	0	0	0	0,9017	0,892	0	0	0	0,82	1	0,52	0	0
0,8945	0,8968	0,8878	0,8943	0,07	1,789	1,11	-0,23	0,44	0,9	0,8873	0,9022	0,8789	0,9106	1,112	0	0,898	0	0	0,8968	0,8878	0	0	0	0,88	1	0,53	0	0
0,895	0,9099	0,8945	0,9094	0,1193	1,79	1,16	-0,22	0,47	1,31	0,8957	0,902	0,8875	0,9102	0	0	0	0	0	0,9099	0,8945	0	0	0	0,92	1	0,54	0	0
0,909	0,9172	0,9054	0,916	0,2079	1,818	1,23	-0,2	0,52	1,49	0,9032	0,9194	0,8954	0,9096	0	0	0	0	0	0,9172	0,9054	0	0	0	0,97	1	0,56	0	0
0,9163	0,9262	0,9142	0,924	0,2622	1,8326	1,29	-0,18	0,56	1,62	0,9122	0,9194	0,9044	0,936	0	0	0	0	0	0,9262	0,9142	0	0	0	1,15	1	0,58	0	0
0,9235	0,9278	0,9195	0,9251	0,2703	1,847	1,36	-0,16	0,6	1,65	0,9138	0,9335	0,9059	0,9361	0	0	0	0	0	0,9278	0,9195	0	0	0	1,22	1	0,59	0	0
0,9258	0,9323	0,9232	0,9308	0,2589	1,8516	1,44	-0,13	0,65	1,73	0,9183	0,9335	0,9106	0,9359	0	0	0	0	0	0,9323	0,9232	0	0	0	1,28	1,05	0,61	0	0
0,9304	0,9341	0,9269	0,9304	0,2402	1,8608	1,51	-0,09	0,71	1,75	0,9201	0,9335	0,9123	0,936	0	0	0	0	0	0,9341	0,9269	0	0	0	1,3	1,11	0,63	0	0
0,9304	0,9317	0,9242	0,9294	0,1643	1,8608	1,57	-0,05	0,76	1,66	0,9201	0,9335	0,9122	0,9361	1,5699	0	1,6626	0	0	0,9317	0,9242	0	0	0	1,32	1,16	0,64	0	0
0,9292	0,9425	0,9275	0,9422	0,1598	1,8584	1,64	0,01	0,83	1,82	0,9283	0,9337	0,9202	0,9365	0	0	0	0	0	0,9425	0,9275	0	0	0	1,36	1,22	0,65	0	0
0,942	0,9432	0,9388	0,9427	0,226	1,884	1,7	0,09	0,9	1,85	0,9289	0,9531	0,9205	0,9615	0	0	0	0	0	0,9432	0,9388	0	0	0	1,38	1,27	0,65	0	0
0,9423	0,9512	0,9361	0,9496	0,1507	1,8846	1,77	0,17	0,97	1,92	0,9367	0,9506	0,9281	0,9592	0	0	0	0	0	0,9512	0,9361	0	0	0	1,44	1,32	0,65	0	0
0,9506	0,957	0,9272	0,9281	0,029	1,9012	1,81	0,3	1,05	1,85	0,9405	0,9437	0,9284	0,9558	1,8059	0	1,8512	0	0	0,957	0,9272	0	0	0	1,46	1,36	0,63	0	0
0,9271	0,9519	0,926	0,949	-0,0036	1,8542	1,81	0,45	1,13	1,63	0,9342	0,9437	0,9206	0,9573	0	0	0	0	0	0,9519	0,926	0	0	0,5941	1,43	1,39	0,59	1,4288	0
0,9497	0,9595	0,9463	0,9578	0,1673	1,8994	1,81	0,62	1,22	1,76	0,9417	0,9641	0,9282	0,9573	0	0	0	0	0	0,9595	0,9463	0	0	0	1,39	1,4	0,53	0	0
0,9574	0,9592	0,9463	0,9476	0,1405	1,9148	1,8	0,78	1,29	1,72	0,9417	0,9641	0,9283	0,9775	0	0	1,7232	0	0	0,9592	0,9463	0	0	0	1,35	1,4	0,46	0	0
0,9468	0,9477	0,9378	0,9452	0,0409	1,8936	1,79	0,89	1,34	1,55	0,9417	0,9556	0,9284	0,9689	0	0	0	0	0	0,9477	0,9378	0	0	0	1,31	1,39	0,39	0	0
0,9438	0,9465	0,936	0,9364	0,0138	1,8876	1,78	0,99	1,38	1,37	0,9417	0,9538	0,9284	0,9671	0	0	0	0	0	0,9465	0,936	0	0	0	1,21	1,37	0,33	0	0
0,936	0,9551	0,936	0,9528	0,002	1,872	1,76	1,08	1,42	1,43	0,9372	0,9539	0,9281	0,9674	0	0	0	0	0	0,9551	0,936	0	0	0	1,14	1,36	0,29	0	0
0,9524	0,958	0,9466	0,9516	0,0889	1,9048	1,76	1,12	1,44	1,51	0,94	0,954	0,9281	0,9674	0	0	0	0	0	0,958	0,9466	0	0	0	1,13	1,35	0,25	0	0
0,9517	0,953	0,9407	0,9422	0,028	1,9034	1,76	1,11	1,44	1,18	0,9403	0,9537	0,9286	0,9669	0	0	1,1818	0	0	0,953	0,9407	0	0	0	1,08	1,35	0,24	0	0
0,942	0,944	0,9369	0,9414	-0,0108	1,884	1,76	1,09	1,42	0,98	0,9404	0,9536	0,9285	0,967	0	0	0	0	0	0,944	0,9369	0	0	0	0,96	1,35	0,23	0	0
0,9422	0,9447	0,9287	0,9352	-0,0943	1,8844	1,77	1,03	1,4	0,56	0,9404	0,9463	0,9284	0,9598	0	0	0	0	0	0,9447	0,9287	0	0	0	0,73	1,35	0,24	0	0
0,9354	0,9465	0,935	0,944	-0,0403	1,8708	1,76	0,98	1,37	0,73	0,9289	0,9463	0,9284	0,9598	0	0	0	0	0	0,9465	0,935	0	0	0	0,61	1,35	0,26	0	0
0,9424	0,9504	0,9335	0,9336	-0,0425	1,8848	1,76	0,95	1,36	0,77	0,9325	0,9466	0,928	0,9602	0	0	0	0	0	0,9504	0,9335	0	0	0	0,56	1,35	0,28	0	0
0,9339	0,9403	0,9268	0,9393	-0,09	1,8678	1,77	0,91	1,34	0,5	0,9325	0,9447	0,9279	0,9584	0	0	0	0	0	0,9403	0,9268	0	0	0	0,52	1,35	0,29	0	0
0,9384	0,945	0,9368	0,9376	0,011	1,8768	1,77	0,9	1,33	0,8	0,9325	0,9447	0,9279	0,9584	0	0	0	0	0	0,945	0,9368	0	0	0	0,53	1,36	0,31	0	0
0,937	0,9371	0,9209	0,921	-0,1329	1,874	1,78	0,85	1,31	0,21	0,9322	0,9391	0,9276	0,9528	0	0	0	0	0	0,9371	0,9209	0	0	0,3156	0,39	1,36	0,32	0	0
0,9214	0,925	0,9109	0,9242	-0,2078	1,8428	1,81	0,76	1,29	-0,13	0,9069	0,929	0,8933	0,9426	0	0	0	0	0	0,925	0,9109	0	0	0	0,23	1,37	0,35	0	0
0,9236	0,9317	0,9194	0,9238	-0,0956	1,8472	1,81	0,69	1,25	0,19	0,9136	0,929	0,9	0,9426	0	0	0	0	0	0,9317	0,9194	0	0	0	0,08	1,39	0,38	0	0
0,9243	0,926	0,9155	0,9162	-0,1094	1,8486	1,81	0,61	1,21	0,05	0,9136	0,929	0,9	0,9426	0	0	0	0	0	0,926	0,9155	0	0	0	0,04	1,4	0,42	0	0
0,917	0,9278	0,9142	0,9265	-0,0997	1,834	1,82	0,55	1,18	0,07	0,9135	0,9291	0,9	0,9426	0	0	0	0	0	0,9278	0,9142	0	0	0	0,08	1,4	0,45	0	0
0,926	0,937	0,9249	0,9362	0,0111	1,852	1,8	0,51	1,16	0,43	0,9189	0,929	0,9055	0,9424	0	0	0	0	0	0,937	0,9249	0	0	0	0,14	1,4	0,47	0	0
0,937	0,9445	0,9355	0,9388	0,1166	1,874	1,78	0,48	1,13	0,74	0,9265	0,9535	0,9129	0,9425	0	0	0	0	0	0,9445	0,9355	0	0	0	0,33	1,39	0,48	0	0
0,9382	0,942	0,9315	0,936	0,0786	1,8764	1,74	0,45	1,1	0,64	0,9265	0,9495	0,9129	0,9425	0	0	0	0	0	0,942	0,9315	0	0	0	0,48	1,37	0,49	0	0
0,9343	0,9442	0,9339	0,938	0,0955	1,8686	1,71	0,43	1,07	0,71	0,9265	0,9495	0,913	0,9424	0	0	0	0	0	0,9442	0,9339	0	0	0	0,55	1,35	0,49	0	0
0,9376	0,9387	0,9279	0,9307	0,0444	1,8752	1,66	0,38	1,02	0,41	0,9265	0,9459	0,9131	0,9423	0	0	0	0	0	0,9387	0,9279	0	0	0,4844	0,46	1,32	0,49	0	0
0,9311	0,9352	0,9253	0,9278	0,014	1,8622	1,61	0,33	0,97	0,27	0,9264	0,9434	0,9133	0,9421	0	0	0	0	0	0,9352	0,9253	0	0	0	0,36	1,29	0,49	0	0
0,9282	0,9298	0,9146	0,9187	-0,0967	1,8564	1,56	0,27	0,92	0,01	0,9263	0,9328	0,9133	0,9421	0	0	0	0	0	0,9298	0,9146	0	0	0	0,18	1,25	0,49	0	0
0,9176	0,9275	0,9123	0,9245	-0,1126	1,8352	1,5	0,2	0,85	-0,13	0,9093	0,9305	0,9133	0,9421	0	0	0	0	0	0,9275	0,9123	0	0	0	0,04	1,21	0,49	0	0
0,925	0,933	0,9245	0,931	0,0004	1,85	1,43	0,16	0,8	0,16	0,9148	0,9305	0,9139	0,9415	0	0	0	0	0	0,933	0,9245	0	0	0	0,01	1,17	0,49	0	0
0,9314	0,933	0,9168	0,9206	-0,0792	1,8628	1,35	0,11	0,73	-0,05	0,9148	0,935	0,9138	0,9416	0	0	0	0	0	0,933	0,9168	0	0	0	-0,02	0	0	0	0
0,9194	0,922	0,9162	0,9181	-0,0765	1,8388	1,27	0,06	0,66	-0,2	0,9164	0,9328	0,9177	0,9377	0	0	0	0	0	0,922	0,9162	0	0	0	-0,04	-1	-0,47	0	0
0,9179	0,9195	0,9023	0,9044	-0,1823	1,8358	1,2	-0,03	0,59	-0,59	0,9175	0,9178	0,9207	0,9261	0	0	0	0	0	0,9195	0,9023	0	0	0	-0,26	-1	-0,47	0	0
0,9048	0,9177	0,9044	0,9128	-0,1342	1,8096	1,12	-0,09	0,51	-0,49	0,9022	0,9178	0,8939	0,9261	0	-0,0924	0	0	0	0,9177	0,9044	0	0	0	-0,38	-1	-0,47	0	0
0,913	0,9235	0,9118	0,9217	-0,0381	1,826	1,02	-0,13	0,45	-0,2	0,908	0,9178	0,8997	0,9261	0	0	0	0	0	0,9235	0,9118	0	0	0	-0,39	-1	-0,46	0	0
0,9212	0,9239	0,9047	0,9121	-0,0859	1,8424	0,94	-0,17	0,39	-0,3	0,9079	0,9207	0,8991	0,9271	0	0	0	0	0	0,9239	0,9047	0	0	0	-0,31	-1	-0,45	0	0
0,912	0,9181	0,9054	0,9092	-0,059	1,824	0,87	-0,2	0,33	-0,32	0,9078	0,9208	0,8991	0,9271	0	0	0	0	0	0,9181	0,9054	0	0	0	-0,26	-1	-0,43	0	0
0,9088	0,913	0,9013	0,9048	-0,0867	1,8176	0,78	-0,25	0,27	-0,49	0,9083	0,9169	0,9001	0,9251	0	0	0	0	0	0	0	0,913	0,9013	0	-0,34	-1	-0,41	0	0
0,9044	0,921	0,9024	0,9172	-0,0658	1,8088	0,68	-0,27	0,2	-0,45	0,905	0,9173	0,8992	0,926	0	-0,2744	0	0	0	0	0	0,921	0,9024	0	-0,38	-1	-0,4	0	0
0,917	0,9187	0,9076	0,9114	0,0031	1,834	0,6	-0,3	0,15	-0,37	0,905	0,9173	0,8992	0,926	0	0	0	0	0	0	0	0,9187	0,9076	0	-0,39	-1	-0,37	0	0
0,9106	0,9211	0,908	0,9174	0,0159	1,8212	0,54	-0,32	0,11	-0,25	0,9051	0,9173	0,8996	0,9256	0	0	0	0	-0,3553	0	0	0,9211	0,908	0	-0,31	-1	-0,35	0	0
0,9184	0,9256	0,9158	0,923	0,0943	1,8368	0,51	-0,33	0,09	-0,05	0,9098	0,9316	0,9016	0,9253	0	0	0	0	0	0	0	0,9256	0,9158	0	-0,18	-1	-0,34	0	0
0,9235	0,9321	0,922	0,9294	0,1366	1,847	0,47	-0,33	0,07	0,18	0,9163	0,9316	0,908	0,9254	0	0	0	0	0	0	0	0,9321	0,922	0	-0,01	-1	-0,32	0	0
0,9296	0,938	0,9283	0,9345	0,1757	1,8592	0,45	-0,33	0,06	0,46	0,9225	0,9313	0,9144	0,9519	0	0	0	0	0	0,938	0,9283	0	0	0	0,19	0	0	0	0
0,9363	0,9365	0,9279	0,9294	0,1556	1,8726	0,45	-0,33	0,06	0,48	0,9226	0,9433	0,9143	0,9516	0	0	0	0	0	0,9365	0,9279	0	0	0	0,33	1	0,3	0	0
0,9287	0,9351	0,9249	0,9341	0,1054	1,8574	0,43	-0,32	0,05	0,55	0,9226	0,9403	0,9145	0,9484	0	0	0	0	0	0,9351	0,9249	0	0	0	0,44	1	0,3	0	0
0,9342	0,9371	0,9262	0,9294	0,0976	1,8684	0,45	-0,32	0,06	0,6	0,9229	0,94	0,915	0,9479	0	0	0	0	0	0,9371	0,9262	0	0	0	0,48	1	0,3	0	0
0,9295	0,9341	0,9265	0,9322	0,0754	1,859	0,48	-0,31	0,09	0,5	0,923	0,9399	0,915	0,9479	0,4784	0	0	0	0	0,9341	0,9265	0	0	0	0,49	1	0,31	0	0
0,9322	0,9374	0,9288	0,9327	0,072	1,8644	0,5	-0,3	0,1	0,61	0,9231	0,9398	0,9149	0,948	0	0	0	0	0	0,9374	0,9288	0	0	0	0,51	1	0,32	0	0
0,9324	0,9342	0,9255	0,9285	0,0211	1,8648	0,52	-0,3	0,11	0,45	0,9231	0,9398	0,9148	0,9481	0,5215	0	0	0	0	0,9342	0,9255	0	0	0,3297	0,47	1	0,33	0	0
0,9283	0,93	0,9124	0,9144	-0,1143	1,8566	0,52	-0,3	0,11	0,05	0,9229	0,9275	0,9141	0,9363	0	0	0	0	0	0,93	0,9124	0	0	0	0,34	1	0,33	0	0
0,9152	0,9215	0,9075	0,9107	-0,155	1,8304	0,5	-0,34	0,08	-0,49	0,9063	0,9227	0,914	0,9315	0	0	0	0	0	0,9215	0,9075	0	0	0	0,01	1	0,33	0	0
0,9117	0,913	0,895	0,8982	-0,253	1,8234	0,46	-0,41	0,02	-0,95	0,9058	0,9107	0,8882	0,9198	0	0	0	0	0	0	0	0,913	0,895	0	-0,42	0	0	0	0
0,8969	0,9003	0,8911	0,8972	-0,2548	1,7938	0,44	-0,52	-0,04	-1,27	0,8846	0,9068	0,8882	0,9159	0	0	0	0	0	0	0	0,9003	0,8911	0	-0,79	-1	-0,36	0	0
0,8973	0,9018	0,893	0,8987	-0,2009	1,7946	0,4	-0,61	-0,1	-1,27	0,8862	0,9067	0,8881	0,916	0	0	0	0	0	0	0	0,9018	0,893	0	-0,99	-1	-0,39	0	0
0,8991	0,9097	0,8984	0,9092	-0,1204	1,7982	0,37	-0,67	-0,15	-0,9	0,8941	0,9067	0,8881	0,916	0	-0,6676	0	-0,8987	-0,4148	0	0	0,9097	0,8984	0	-0,95	-1	-0,41	0	0
0,909	0,9125	0,8928	0,8958	-0,143	1,818	0,34	-0,72	-0,19	-0,94	0,8963	0,909	0,8869	0,9172	0	0	0	0	0	0	0	0,9125	0,8928	0	-0,86	-1	-0,43	0	0
0,8958	0,8966	0,8827	0,8881	-0,2002	1,7916	0,34	-0,8	-0,23	-1,33	0,8805	0,8988	0,8871	0,9086	0	0	0	0	0	0	0	0,8966	0,8827	0	-0,86	-1	-0,44	0	0
0,8889	0,8967	0,885	0,8898	-0,1334	1,7778	0,33	-0,87	-0,27	-1,23	0,8807	0,8987	0,8873	0,9084	0	-0,8659	0	-1,2282	0	0	0	0,8967	0,885	0	-0,94	-1	-0,46	0	0
0,8909	0,8975	0,8882	0,8957	-0,0641	1,7818	0,3	-0,92	-0,31	-1,13	0,8815	0,8987	0,8874	0,9083	0	0	0	0	0	0	0	0,8975	0,8882	0	-0,98	-1	-0,48	0	0
0,8956	0,8991	0,8896	0,893	-0,0273	1,7912	0,27	-0,96	-0,34	-0,96	0,8834	0,8984	0,8877	0,908	0	0	0	0	-0,4976	0	0	0,8991	0,8896	0	-0,9	-1	-0,49	0	0
0,8933	0,8946	0,8843	0,8856	-0,0571	1,7866	0,26	-1	-0,37	-1,06	0,8834	0,8984	0,8882	0,9075	0	0	0	0	0	0	0	0,8946	0,8843	0	-0,86	-1	-0,5	0	0
0,8856	0,8885	0,8793	0,8825	-0,0914	1,7712	0,26	-1,04	-0,39	-1,25	0,8838	0,8946	0,8643	0,9035	0	0	0	0	0	0	0	0,8885	0,8793	0	-0,9	-1	-0,52	0	0
0,8832	0,8875	0,8748	0,8774	-0,1201	1,7664	0,25	-1,09	-0,42	-1,3	0,8722	0,8901	0,8643	0,899	0	0	0	0	0	0	0	0,8875	0,8748	0	-0,99	-1	-0,53	0	0
0,8742	0,8835	0,8741	0,8794	-0,1082	1,7484	0,23	-1,14	-0,46	-1,29	0,8722	0,8894	0,8643	0,8983	0	-1,1439	0	-1,2927	0	0	0	0,8835	0,8741	0	-1,06	-1	-0,55	0	0
0,8795	0,8997	0,879	0,8979	-0,0398	1,759	0,22	-1,16	-0,47	-0,64	0,8843	0,8895	0,875	0,8988	0	0	0	0	-0,5603	0	0	0,8997	0,879	0	-0,89	-1	-0,55	0	-0,8928
0,8974	0,905	0,8932	0,9011	0,1018	1,7948	0,22	-1,15	-0,47	-0,23	0,8896	0,9086	0,8804	0,8987	0	0	0	0	0	0	0	0,905	0,8932	0	-0,6	-1	-0,56	0	0
0,9009	0,9091	0,8933	0,8965	0,0922	1,8018	0,24	-1,14	-0,45	-0,14	0,8935	0,9088	0,8841	0,9183	0	0	0	0	0	0	0	0,9091	0,8933	0	-0,27	-1	-0,56	0	0
0,8966	0,9051	0,8921	0,9038	0,0731	1,7932	0,24	-1,14	-0,45	-0,26	0,8939	0,9073	0,885	0,9162	0	0	0	0	0	0	0	0,9051	0,8921	0	-0,17	-1	-0,56	0	0
0,9026	0,9047	0,896	0,8968	0,1043	1,8052	0,25	-1,13	-0,44	-0,17	0,8939	0,9073	0,8849	0,9163	0	0	0	0	0	0	0	0,9047	0,896	0	-0,15	-1	-0,56	0	0
0,8965	0,8992	0,8864	0,8884	0,0115	1,793	0,25	-1,14	-0,44	-0,34	0,8939	0,9016	0,885	0,9105	0	0	0	0	0	0	0	0,8992	0,8864	0	-0,21	-1	-0,56	0	0
0,8887	0,8916	0,8805	0,888	-0,0437	1,7774	0,23	-1,15	-0,46	-0,51	0,8764	0,8957	0,885	0,9046	0	0	0	0	0	0	0	0,8916	0,8805	0	-0,27	-1	-0,56	0	0
0,8878	0,8943	0,8833	0,8924	-0,0197	1,7756	0,2	-1,15	-0,48	-0,35	0,8791	0,8957	0,885	0,9046	0	0	0	0	0	0	0	0,8943	0,8833	0	-0,33	-1	-0,55	0	0
0,8926	0,8933	0,8876	0,888	0,0105	1,7852	0,15	-1,16	-0,5	-0,31	0,8791	0,8957	0,8846	0,905	0	0	0	0	0	0	0	0,8933	0,8876	0	-0,32	-1	-0,54	0	0
0,8885	0,8904	0,8825	0,8886	-0,0489	1,777	0,1	-1,16	-0,53	-0,47	0,8791	0,8957	0,8845	0,9051	0	0	0	0	0	0	0	0,8904	0,8825	0	-0,31	-1	-0,53	0	0
0,8882	0,891	0,8774	0,8836	-0,0983	1,7764	0,03	-1,17	-0,57	-0,54	0,8789	0,8928	0,8844	0,9021	0	0	0	0	0	0	0	0,891	0,8774	0	-0,38	-1	-0,5	0	0
0,8832	0,89	0,8694	0,882	-0,1545	1,7664	-0,06	-1,17	-0,61	-0,69	0,8783	0,8854	0,8638	0,8956	0	0	0	0	0	0	0	0,89	0,8694	0	-0,51	-1	-0,48	0	0
0,8836	0,8988	0,8804	0,8978	-0,0316	1,7672	-0,12	-1,16	-0,64	-0,32	0,8824	0,8858	0,872	0,8962	0	0	0	0	-0,4407	0	0	0,8988	0,8804	0	-0,47	-1	-0,44	0	0
0,8974	0,9047	0,8945	0,902	0,107	1,7948	-0,18	-1,14	-0,66	0	0,8883	0,9109	0,878	0,9212	0	0	0	0	0	0	0	0,9047	0,8945	0	-0,3	-1	-0,4	0	0
0,9015	0,9082	0,8939	0,8962	0,1031	1,803	-0,21	-1,13	-0,67	0,12	0,8916	0,9105	0,8815	0,9206	0	0	0	0	0	0	0	0,9082	0,8939	0	-0,05	-1	-0,37	0	0
0,8961	0,9019	0,8928	0,894	0,0857	1,7922	-0,22	-1,13	-0,68	-0,07	0,892	0,909	0,882	0,919	0	0	0	0	0	0	0	0,9019	0,8928	0	0,02	0	0	0	0
0,8945	0,9001	0,8903	0,8972	0,0509	1,789	-0,2	-1,13	-0,67	-0,17	0,8921	0,9064	0,882	0,9165	0	0	0	0	0	0	0	0,9001	0,8903	0	-0,02	0	0	0	0
0,8974	0,9043	0,8944	0,9028	0,0808	1,7948	-0,16	-1,11	-0,63	-0,01	0,8925	0,906	0,8828	0,9157	0	0	0	0	0	0	0	0,9043	0,8944	0	-0,05	-1	-0,36	0	0
0,9034	0,9055	0,8884	0,892	0,02	1,8068	-0,12	-1,06	-0,59	0,02	0,8922	0,9044	0,8823	0,9143	0	0	0	0	0	0	0	0,9055	0,8884	0	-0,02	-1	-0,36	0	0
0,8915	0,8924	0,8848	0,888	-0,0183	1,783	-0,09	-1,01	-0,55	-0,12	0,8764	0,9008	0,8822	0,9108	0	0	0	0	0	0	0	0,8924	0,8848	0	-0,01	-1	-0,36	0	0
0,8888	0,8941	0,8854	0,8928	-0,0203	1,7776	-0,06	-0,99	-0,53	-0,08	0,8781	0,9008	0,8821	0,9109	0	0	0	0	0	0	0	0,8941	0,8854	0	-0,03	-1	-0,36	0	0
0,8934	0,8951	0,8882	0,8936	-0,0111	1,7868	-0,03	-0,96	-0,49	-0,02	0,8797	0,9002	0,8831	0,9099	0	0	0	0	0	0	0	0,8951	0,8882	0	-0,05	-1	-0,36	0	0
0,8936	0,8977	0,8879	0,8894	-0,0216	1,7872	0	-0,9	-0,45	0,03	0,8824	0,9001	0,8832	0,9098	0	0	0	0	0	0	0	0,8977	0,8879	0	-0,02	-1	-0,36	0	0
0,8892	0,9007	0,889	0,8924	-0,0051	1,7784	0,03	-0,84	-0,41	0,1	0,8854	0,9001	0,8832	0,9098	0	0	0	0	0	0	0	0,9007	0,889	0	0,03	0	0	0	0
0,8926	0,8934	0,8895	0,8899	0,0043	1,7852	0,05	-0,79	-0,37	-0,06	0,8854	0,9001	0,8826	0,9104	0,0478	0	0	0	0	0	0	0,8934	0,8895	0	0,02	1	0,34	0	0
0,8903	0,8912	0,8821	0,8851	-0,059	1,7806	0,06	-0,75	-0,35	-0,28	0,8854	0,8974	0,8826	0,9077	0	0	0	0	0	0	0	0,8912	0,8821	0	-0,06	0	0	0	0
0,8851	0,8861	0,8807	0,8856	-0,0634	1,7702	0,05	-0,71	-0,33	-0,54	0,8708	0,896	0,8822	0,9067	0	0	0	0	0	0	0	0,8861	0,8807	0	-0,25	-1	-0,31	0	0
0,8862	0,8921	0,8776	0,8812	-0,0776	1,7724	0,04	-0,64	-0,3	-0,43	0,8766	0,8931	0,882	0,9038	0	0	0	0	0	0	0	0,8921	0,8776	0	-0,35	-1	-0,29	0	0
0,8814	0,8825	0,8731	0,8751	-0,1073	1,7628	0,02	-0,58	-0,28	-0,75	0,8767	0,8885	0,8564	0,8992	0	0	0	0	0	0	0	0,8825	0,8731	0	-0,48	-1	-0,26	0	0
0,8754	0,8759	0,8721	0,8741	-0,1046	1,7508	-0,01	-0,54	-0,27	-0,93	0,8605	0,8875	0,8558	0,8988	0	0	0	0	0	0	0	0,8759	0,8721	0	-0,58	-1	-0,23	0	0
0,8738	0,8801	0,8728	0,878	-0,085	1,7476	0	-0,55	-0,28	-0,79	0,8655	0,8867	0,8575	0,8971	0	-0,5504	0	0	0	0	0	0,8801	0,8728	0	-0,68	-1	-0,21	0	0
0,8782	0,8867	0,8741	0,8832	-0,0579	1,7564	-0,01	-0,57	-0,29	-0,67	0,872	0,8868	0,8616	0,8972	0	0	0	0	-0,2123	0	0	0,8867	0,8741	0	-0,66	-1	-0,21	0	0
0,883	0,888	0,8788	0,8824	-0,0018	1,766	-0,02	-0,58	-0,3	-0,42	0,8737	0,8864	0,8635	0,8966	0	0	0	0	0	0	0	0,888	0,8788	0	-0,53	-1	-0,22	0	0
0,8827	0,8828	0,8751	0,8812	-0,0249	1,7654	-0,03	-0,6	-0,31	-0,63	0,8738	0,8863	0,8637	0,8964	0	0	0	0	0	0	0	0,8828	0,8751	0	-0,49	-1	-0,22	0	0
0,8798	0,8816	0,8737	0,8764	-0,0231	1,7596	-0,04	-0,62	-0,33	-0,67	0,8739	0,8862	0,8637	0,8964	0	0	0	0	0	0	0	0,8816	0,8737	0	-0,49	-1	-0,22	0	0
0,8766	0,8775	0,8624	0,8648	-0,1164	1,7532	-0,03	-0,67	-0,35	-1,02	0,8737	0,8767	0,8633	0,8871	0	0	0	0	0	0	0	0,8775	0,8624	0	-0,67	-1	-0,24	0	0
0,8655	0,8662	0,8544	0,8563	-0,1701	1,731	-0,02	-0,74	-0,38	-1,34	0,8519	0,8687	0,8633	0,8791	0	0	0	0	0	0	0	0,8662	0,8544	0	-0,85	-1	-0,26	0	0
0,8554	0,8613	0,8498	0,8566	-0,1883	1,7108	-0,01	-0,82	-0,42	-1,4	0,8519	0,8641	0,8366	0,8745	0	0	0	0	0	0	0	0,8613	0,8498	0	-1,03	-1	-0,29	0	0
0,8568	0,8627	0,8534	0,8608	-0,1326	1,7136	-0,01	-0,88	-0,45	-1,26	0,8518	0,8642	0,8382	0,8743	0	-0,8801	0	-1,2597	0	0	0	0,8627	0,8534	0	-1,09	-1	-0,32	0	0
0,86	0,8607	0,8573	0,86	-0,0788	1,72	-0,02	-0,92	-0,47	-1,16	0,8518	0,8642	0,8377	0,8748	0	0	0	0	-0,3466	0	0	0,8607	0,8573	0	-1,04	-1	-0,34	0	-1,041
0,8598	0,8612	0,8525	0,8554	-0,1065	1,7196	-0,02	-0,97	-0,49	-1,26	0,852	0,864	0,838	0,8745	0	0	0	0	0	0	0	0,8612	0,8525	0	-1,01	-1	-0,36	0	0
0,8556	0,8592	0,8532	0,8564	-0,0786	1,7112	-0,02	-1	-0,51	-1,23	0,8529	0,8631	0,84	0,8725	0	-1,0028	0	-1,2302	0	0	0	0,8592	0,8532	0	-1,01	-1	-0,38	0	0
0,8554	0,8565	0,8437	0,8456	-0,1385	1,7108	-0,03	-1,06	-0,55	-1,42	0,8534	0,8565	0,8414	0,865	0	0	0	0	0	0	0	0,8565	0,8437	0	-1,08	-1	-0,4	0	0
0,8446	0,85	0,8428	0,8474	-0,1152	1,6892	-0,07	-1,12	-0,6	-1,42	0,8373	0,8555	0,8414	0,8641	0	-1,1237	0	-1,4157	0	0	0	0,85	0,8428	0	-1,12	-1	-0,42	0	0
0,846	0,8538	0,8435	0,8463	-0,078	1,692	-0,12	-1,17	-0,64	-1,35	0,8414	0,8552	0,842	0,8635	0	0	0	0	0	0	0	0,8538	0,8435	0	-1,15	-1	-0,43	0	0
0,8458	0,855	0,8417	0,8539	-0,0753	1,6916	-0,16	-1,2	-0,68	-1,15	0,8423	0,8544	0,8415	0,8629	0	0	0	0	-0,4316	0	0	0,855	0,8417	0	-1,08	-1	-0,43	0	-1,0771
0,8541	0,857	0,8442	0,8476	-0,0401	1,7082	-0,19	-1,23	-0,71	-0,99	0,8442	0,8545	0,8412	0,8632	0	0	0	0	0	0	0	0,857	0,8442	0	-0,97	-1	-0,42	0	0
0,8466	0,8516	0,8453	0,8504	-0,0246	1,6932	-0,24	-1,25	-0,75	-1,14	0,8443	0,8544	0,8412	0,8632	0	0	0	0	0	0	0	0,8516	0,8453	0	-0,91	-1	-0,42	0	0
0,8516	0,8518	0,8455	0,8506	-0,0147	1,7032	-0,29	-1,27	-0,78	-1,12	0,8449	0,8538	0,8425	0,8619	0	0	0	-1,1219	0	0	0	0,8518	0,8455	0	-0,91	-1	-0,41	0	0
0,8495	0,85	0,8408	0,843	-0,0452	1,699	-0,34	-1,3	-0,82	-1,26	0,8448	0,853	0,8425	0,861	0	0	0	0	0	0	0	0,85	0,8408	0	-0,99	-1	-0,4	0	0
0,8434	0,8539	0,8412	0,853	-0,0299	1,6868	-0,39	-1,31	-0,85	-0,88	0,8415	0,8532	0,8421	0,8614	0	0	0	-0,878	-0,3846	0	0	0,8539	0,8412	0	-0,92	-1	-0,38	0	0
0,8528	0,8568	0,8505	0,8545	0,0658	1,7056	-0,43	-1,3	-0,87	-0,52	0,8444	0,8532	0,8421	0,8614	0	0	0	0	0	0	0	0,8568	0,8505	0	-0,75	-1	-0,36	0	0
0,8553	0,8634	0,8483	0,8621	0,0392	1,7106	-0,46	-1,3	-0,88	-0,37	0,8507	0,861	0,842	0,8622	0	0	0	0	0	0	0	0,8634	0,8483	0	-0,49	-1	-0,34	0	0
0,8624	0,8673	0,8598	0,8611	0,1372	1,7248	-0,47	-1,29	-0,88	0,05	0,8547	0,8724	0,8461	0,862	0	0	0	0	0	0	0	0,8673	0,8598	0	-0,22	-1	-0,33	0	0
0,863	0,8645	0,8571	0,8606	0,0966	1,726	-0,47	-1,29	-0,88	-0,11	0,8547	0,8697	0,8464	0,8617	0	0	0	0	0	0	0	0,8645	0,8571	0	-0,1	-1	-0,32	0	0
0,8606	0,8608	0,8524	0,8537	0,0389	1,7212	-0,47	-1,29	-0,88	-0,32	0,8548	0,8649	0,8464	0,8617	0	0	0	0	0	0	0	0,8608	0,8524	0	-0,09	-1	-0,32	0	0
0,8536	0,8556	0,8492	0,8544	0,0019	1,7072	-0,47	-1,29	-0,88	-0,54	0,8431	0,8617	0,8465	0,8616	0	0	0	0	0	0	0	0,8556	0,8492	0	-0,26	-1	-0,32	0	0
0,8553	0,8568	0,8539	0,8549	0,0403	1,7106	-0,46	-1,29	-0,88	-0,27	0,8446	0,8614	0,8467	0,8614	0	0	0	0	0	0	0	0,8568	0,8539	0	-0,32	-1	-0,32	0	0
0,8541	0,8576	0,8503	0,8571	-0,0005	1,7082	-0,43	-1,29	-0,86	-0,29	0,8455	0,8613	0,8467	0,8614	0	0	0	0	0	0	0	0,8576	0,8503	0	-0,32	-1	-0,32	0	0
0,8566	0,8626	0,856	0,8586	0,0413	1,7132	-0,38	-1,29	-0,83	-0,01	0,8505	0,8613	0,847	0,8611	0	0	0	0	0	0	0	0,8626	0,856	0	-0,18	-1	-0,34	0	0
0,8589	0,8651	0,8582	0,8635	0,0463	1,7178	-0,32	-1,29	-0,8	0,1	0,853	0,8613	0,847	0,8611	0	0	0	0	0	0	0	0,8651	0,8582	0	-0,08	-1	-0,36	0	0
0,8638	0,866	0,8584	0,8589	0,0404	1,7276	-0,27	-1,29	-0,78	0,11	0,8541	0,8703	0,8474	0,8783	0	0	0	0	0	0	0	0,866	0,8584	0	0,03	0	0	0	0
0,8584	0,8613	0,8428	0,8436	-0,1101	1,7168	-0,26	-1,29	-0,78	-0,39	0,8533	0,8555	0,8455	0,8646	0	0	0	0	0	0	0	0,8613	0,8428	0	-0,07	0	0	0	0
0,8439	0,8501	0,8428	0,8498	-0,0931	1,6878	-0,27	-1,29	-0,78	-0,74	0,8375	0,8554	0,8283	0,8646	0	0	0	0	0	0	0	0,8501	0,8428	0	-0,3	-1	-0,4	0	0
0,8499	0,8505	0,8462	0,8473	-0,0482	1,6998	-0,27	-1,29	-0,78	-0,68	0,8379	0,8554	0,8284	0,8649	0	0	0	0	0	0	0	0	0	0	0	0	0	0	0
