0.03526286915533446
0.06410867348458629
0.03753593011980781
0.06682533677778486
0.064245234524229
0.040508144673810635
0.051404540999353404
0.07262424804016449
0.08450763613585893
0.05723075820356839
0.04371298532523694
0.07346010974233048
0.0731277968247843
0.06110409879785589
0.06278035930911462
0.011325647106008177
0.013258266648203879
0.01978353900067413
0.07438719775746491
0.07053532173201413
0.05615135860425935
0.042417435008332366
0.06597204718028568
0.0634695817542669
0.05333567254748874
0.06999221844847697
0.05171891905611317
0.0490636100449576
0.07303850702992812
0.04592207997904549
0.05224731790199139